[gd_scene load_steps=42 format=3 uid="uid://dkc74i68bbk1b"]

[ext_resource type="Script" uid="uid://doel512yax30h" path="res://Scripts/enemy_tests.gd" id="1_tg7l2"]
[ext_resource type="Texture2D" uid="uid://bus5ld3vdj36s" path="res://Assets/textures/lava1.png" id="2_d7bed"]
[ext_resource type="ArrayMesh" uid="uid://bkfc413ngi33g" path="res://Assets/textures/IMGs/Zombie_Mesh.tres" id="2_vnpx3"]
[ext_resource type="Texture2D" uid="uid://b2upyl0sl62" path="res://Assets/textures/lava2.jpg" id="3_240py"]
[ext_resource type="Script" uid="uid://dhckurrw8y7r5" path="res://Scripts/Body_part.gd" id="5_a7cg5"]
[ext_resource type="Animation" path="res://Assets/models/Characters/zombie/Death.res" id="6_jhm5s"]

[sub_resource type="Skin" id="Skin_dni36"]
resource_name = "Skin"
bind_count = 33
bind/0/name = &"mixamorig_Hips"
bind/0/bone = -1
bind/0/pose = Transform3D(1, 0, 0, 0, 1, -7.54979e-08, 0, 7.54979e-08, 1, 0.002345, -0.314157, -0.0345814)
bind/1/name = &"mixamorig_Spine"
bind/1/bone = -1
bind/1/pose = Transform3D(1, -1.01295e-19, -2.28565e-18, 6.46235e-27, 0.99902, -0.0442743, 2.2879e-18, 0.0442743, 0.999019, 0.002345, -0.478011, -0.0484566)
bind/2/name = &"mixamorig_Spine1"
bind/2/bone = -1
bind/2/pose = Transform3D(1, -1.05389e-09, 2.33417e-11, 1.05389e-09, 0.99902, -0.0442743, 2.33416e-11, 0.0442743, 0.999019, 0.002345, -0.67132, -0.0484566)
bind/3/name = &"mixamorig_Spine2"
bind/3/bone = -1
bind/3/pose = Transform3D(1, 1.10666e-16, -8.3773e-18, -3.41327e-17, 0.99902, -0.0442743, 3.6966e-18, 0.0442743, 0.999019, 0.002345, -0.892245, -0.0484566)
bind/4/name = &"mixamorig_Neck"
bind/4/bone = -1
bind/4/pose = Transform3D(1, -9.44796e-24, 2.06796e-25, 7.673e-17, 1, -8.29485e-08, -3.17312e-18, 7.54979e-08, 1, 0.002345, -1.14181, 0.00209827)
bind/5/name = &"mixamorig_Head"
bind/5/bone = -1
bind/5/pose = Transform3D(1, -9.44796e-24, 7.83694e-31, 7.673e-17, 1, -8.29485e-08, -3.17312e-18, 7.54979e-08, 1, 0.002345, -1.41947, 0.0160129)
bind/6/name = &"mixamorig_HeadTop_End"
bind/6/bone = -1
bind/6/pose = Transform3D(-1, -1.13999e-14, -1.50996e-07, 7.67302e-17, 1, -8.29485e-08, 1.50996e-07, -7.54979e-08, -1, -0.002345, -1.71219, -0.0306829)
bind/7/name = &"mixamorig_LeftShoulder"
bind/7/bone = -1
bind/7/pose = Transform3D(-0.0205471, 0.0419549, 0.998908, -0.83954, -0.54327, 0.00554895, 0.54291, -0.838509, 0.0463854, -0.0464313, 0.503743, 0.970252)
bind/8/name = &"mixamorig_LeftArm"
bind/8/bone = -1
bind/8/pose = Transform3D(-0.00308768, -0.00544219, -0.999981, -0.39083, -0.920443, 0.00621629, -0.920458, 0.390841, 0.000715162, 0.00418385, 0.759099, -0.659176)
bind/9/name = &"mixamorig_LeftForeArm"
bind/9/bone = -1
bind/9/pose = Transform3D(-0.963284, -0.0334083, 0.266398, 0.00333465, -0.993641, -0.112551, 0.268464, -0.107531, 0.957269, -0.406103, 0.640181, 0.186136)
bind/10/name = &"mixamorig_LeftHand"
bind/10/bone = -1
bind/10/pose = Transform3D(-0.95813, 0.0728906, 0.276901, -0.0714512, -0.997327, 0.0152992, 0.277276, -0.00512634, 0.960777, -0.419671, 0.123163, 0.174412)
bind/11/name = &"mixamorig_LeftHandIndex1"
bind/11/bone = -1
bind/11/pose = Transform3D(-0.957195, 0.0849454, 0.2767, -0.0969867, -0.994831, -0.0300999, 0.272713, -0.0556478, 0.960485, -0.418733, -0.0888013, 0.17013)
bind/12/name = &"mixamorig_LeftHandIndex2"
bind/12/bone = -1
bind/12/pose = Transform3D(-0.957196, 0.0849442, 0.276695, -0.0969851, -0.994831, -0.0300997, 0.272708, -0.0556467, 0.960486, -0.418734, -0.125954, 0.170128)
bind/13/name = &"mixamorig_LeftHandIndex3"
bind/13/bone = -1
bind/13/pose = Transform3D(-0.957197, 0.084945, 0.276692, -0.0969858, -0.994831, -0.0301001, 0.272705, -0.0556469, 0.960487, -0.41111, -0.151157, 0.188393)
bind/14/name = &"mixamorig_LeftHandIndex4"
bind/14/bone = -1
bind/14/pose = Transform3D(-0.957197, 0.0849451, 0.276691, -0.0969859, -0.994831, -0.0301002, 0.272704, -0.055647, 0.960487, -0.41459, -0.150749, 0.189567)
bind/15/name = &"mixamorig_RightShoulder"
bind/15/bone = -1
bind/15/pose = Transform3D(-0.0337446, -0.0419483, -0.99855, 0.83954, -0.54327, -0.00554874, -0.542249, -0.83851, 0.0535497, 0.046295, 0.507657, 0.967723)
bind/16/name = &"mixamorig_RightArm"
bind/16/bone = -1
bind/16/pose = Transform3D(0.0299955, 0.0361513, 0.998896, 0.390746, -0.920246, 0.0215712, 0.92001, 0.389668, -0.0417293, -0.0396047, 0.760858, -0.653773)
bind/17/name = &"mixamorig_RightForeArm"
bind/17/bone = -1
bind/17/pose = Transform3D(-0.952668, 0.037585, -0.301679, -0.0033349, -0.993561, -0.113254, -0.303993, -0.106887, 0.946659, 0.394669, 0.640248, 0.198964)
bind/18/name = &"mixamorig_RightHand"
bind/18/bone = -1
bind/18/pose = Transform3D(-0.95267, 0.0332128, -0.302185, -0.00696723, -0.996139, -0.0875202, -0.303925, -0.0812726, 0.949223, 0.395318, 0.152178, 0.195116)
bind/19/name = &"mixamorig_RightHandIndex1"
bind/19/bone = -1
bind/19/pose = Transform3D(-0.877729, -0.0358417, 0.477814, 0.186888, -0.943828, 0.272509, 0.441208, 0.328487, 0.835124, 0.414124, -0.0174477, -0.157502)
bind/20/name = &"mixamorig_RightHandIndex2"
bind/20/bone = -1
bind/20/pose = Transform3D(-0.877728, -0.035841, 0.477817, 0.186888, -0.943828, 0.272509, 0.441211, 0.328488, 0.835122, 0.414123, -0.0779726, -0.157503)
bind/21/name = &"mixamorig_RightHandIndex3"
bind/21/bone = -1
bind/21/pose = Transform3D(-0.877726, -0.0358405, 0.477819, 0.186889, -0.943828, 0.272509, 0.441213, 0.328488, 0.835121, 0.414003, -0.147355, -0.122812)
bind/22/name = &"mixamorig_RightHandIndex4"
bind/22/bone = -1
bind/22/pose = Transform3D(-0.877727, -0.0358405, 0.47782, 0.186889, -0.943828, 0.272509, 0.441213, 0.328488, 0.835121, 0.430243, -0.16603, -0.112883)
bind/23/name = &"mixamorig_LeftUpLeg"
bind/23/bone = -1
bind/23/pose = Transform3D(-0.99824, 0.0591889, -0.00210535, -0.0592262, -0.997614, 0.0354841, -5.08057e-06, 0.0355465, 0.999367, -0.187283, 0.211241, -0.0128053)
bind/24/name = &"mixamorig_LeftLeg"
bind/24/bone = -1
bind/24/pose = Transform3D(-0.996508, 0.0833976, -0.0029574, -0.0834438, -0.995387, 0.0473619, 0.00100109, 0.0474436, 0.998872, -0.173709, -0.561211, -0.00609792)
bind/25/name = &"mixamorig_LeftFoot"
bind/25/bone = -1
bind/25/pose = Transform3D(0.966008, -0.0924669, -0.241396, -0.249252, -0.580677, -0.775038, -0.0685049, 0.808866, -0.583988, 0.169927, -0.770868, 1.06923)
bind/26/name = &"mixamorig_LeftToeBase"
bind/26/bone = -1
bind/26/pose = Transform3D(0.940884, 0.0443329, -0.335809, -0.336058, -0.00179881, -0.941836, -0.0423582, 0.999016, 0.0132063, 0.346632, -0.272114, 1.45246)
bind/27/name = &"mixamorig_LeftToe_End"
bind/27/bone = -1
bind/27/pose = Transform3D(0.940884, 0.0443326, -0.335809, -0.336059, -0.00180001, -0.941836, -0.0423584, 0.999016, 0.0132051, 0.346632, -0.378491, 1.45246)
bind/28/name = &"mixamorig_RightUpLeg"
bind/28/bone = -1
bind/28/pose = Transform3D(-0.998241, -0.0591832, 0.00218417, 0.0592234, -0.997566, 0.0368083, 5.68197e-06, 0.0368731, 0.999318, 0.182601, 0.211521, -0.01259)
bind/29/name = &"mixamorig_RightLeg"
bind/29/bone = -1
bind/29/pose = Transform3D(-0.996509, -0.0833798, 0.00306635, 0.0834268, -0.995184, 0.0514751, -0.00123514, 0.0515514, 0.998668, 0.16904, -0.560864, -0.00431899)
bind/30/name = &"mixamorig_RightFoot"
bind/30/bone = -1
bind/30/pose = Transform3D(0.96615, 0.0934303, 0.240456, 0.249088, -0.580297, -0.775375, 0.0670895, 0.809028, -0.583928, -0.164995, -0.766325, 1.07226)
bind/31/name = &"mixamorig_RightToeBase"
bind/31/bone = -1
bind/31/pose = Transform3D(0.940157, -0.0473065, 0.337434, 0.337725, -0.00181201, -0.941239, 0.0451382, 0.998879, 0.0142732, -0.347208, -0.267868, 1.4516)
bind/32/name = &"mixamorig_RightToe_End"
bind/32/bone = -1
bind/32/pose = Transform3D(0.940158, -0.0473048, 0.337433, 0.337724, -0.00180976, -0.94124, 0.0451358, 0.998879, 0.0142746, -0.347206, -0.373715, 1.4516)

[sub_resource type="StandardMaterial3D" id="StandardMaterial3D_urqfh"]
albedo_color = Color(0.00554106, 0.306197, 0.0624802, 1)
albedo_texture = ExtResource("2_d7bed")
metallic = 1.0
metallic_specular = 0.15
emission_enabled = true
emission = Color(0.17, 0.0991667, 0, 1)
emission_energy_multiplier = 0.75
emission_texture = ExtResource("3_240py")
uv2_triplanar = true

[sub_resource type="CapsuleShape3D" id="CapsuleShape3D_sphm2"]
radius = 0.24564
height = 0.55682

[sub_resource type="CapsuleShape3D" id="CapsuleShape3D_eosm0"]
radius = 0.266569
height = 1.16616

[sub_resource type="CapsuleShape3D" id="CapsuleShape3D_aa2vr"]
radius = 0.115069
height = 0.552306

[sub_resource type="CapsuleShape3D" id="CapsuleShape3D_ik8kg"]
radius = 0.0678613
height = 0.532188

[sub_resource type="BoxShape3D" id="BoxShape3D_vwhoe"]
size = Vector3(0.0813293, 0.27491, 0.160065)

[sub_resource type="CapsuleShape3D" id="CapsuleShape3D_xukpf"]
radius = 0.115069
height = 0.552306

[sub_resource type="CapsuleShape3D" id="CapsuleShape3D_nxp5j"]
radius = 0.0683022
height = 0.532188

[sub_resource type="BoxShape3D" id="BoxShape3D_qfknn"]
size = Vector3(0.0813293, 0.27491, 0.160065)

[sub_resource type="CapsuleShape3D" id="CapsuleShape3D_8dggb"]
radius = 0.132631
height = 0.68035

[sub_resource type="CapsuleShape3D" id="CapsuleShape3D_v4b21"]
radius = 0.106055
height = 0.771051

[sub_resource type="BoxShape3D" id="BoxShape3D_c1m51"]
size = Vector3(0.262695, 0.435303, 0.167358)

[sub_resource type="CapsuleShape3D" id="CapsuleShape3D_jrdss"]
radius = 0.160435
height = 0.632074

[sub_resource type="CapsuleShape3D" id="CapsuleShape3D_wvxdk"]
radius = 0.12152
height = 0.677288

[sub_resource type="BoxShape3D" id="BoxShape3D_naoia"]
size = Vector3(0.213242, 0.42514, 0.180099)

[sub_resource type="Animation" id="Animation_603vu"]
resource_name = "Attack"
length = 2.21667
loop_mode = 1
tracks/0/type = "position_3d"
tracks/0/imported = true
tracks/0/enabled = true
tracks/0/path = NodePath("Armature/Skeleton3D:mixamorig_Hips")
tracks/0/interp = 1
tracks/0/loop_wrap = true
tracks/0/keys = PackedFloat32Array(0, 1, 0.0213308, -0.0592617, -1.63584, 0.0333333, 1, 0.0182219, -0.0606593, -1.641, 0.0666667, 1, 0.0119368, -0.0634997, -1.65052, 0.1, 1, 0.00320096, -0.0687824, -1.65911, 0.133333, 1, -0.00810111, -0.0744845, -1.66514, 0.166667, 1, -0.0206843, -0.0763797, -1.66574, 0.2, 1, -0.0318757, -0.0703274, -1.65944, 0.233333, 1, -0.0388796, -0.05324, -1.64807, 0.266667, 1, -0.0468904, -0.0261861, -1.63531, 0.3, 1, -0.0568869, 0.0125727, -1.62848, 0.333333, 1, -0.0564001, 0.0524892, -1.63, 0.366667, 1, -0.0555614, 0.08777, -1.63083, 0.4, 1, -0.0550991, 0.117381, -1.62689, 0.433333, 1, -0.0528767, 0.140787, -1.62446, 0.466667, 1, -0.0493572, 0.155737, -1.62186, 0.5, 1, -0.0443718, 0.165237, -1.61941, 0.533333, 1, -0.0362439, 0.172961, -1.62068, 0.566667, 1, -0.0253995, 0.178648, -1.62276, 0.6, 1, -0.0163951, 0.181176, -1.62534, 0.633333, 1, -0.0142724, 0.179365, -1.63409, 0.666667, 1, -0.0163592, 0.176432, -1.64753, 0.7, 1, -0.0237265, 0.170897, -1.66329, 0.733333, 1, -0.036962, 0.152353, -1.68394, 0.766667, 1, -0.0413578, 0.121911, -1.69574, 0.8, 1, -0.0375162, 0.0857309, -1.69213, 0.833333, 1, -0.0376549, 0.0536575, -1.68108, 0.866667, 1, -0.049313, 0.0393864, -1.67578, 0.9, 1, -0.0662782, 0.0381685, -1.66397, 0.933333, 1, -0.0838756, 0.0419824, -1.63356, 0.966667, 1, -0.10128, 0.0515785, -1.59536, 1, 1, -0.11546, 0.061526, -1.5605, 1.03333, 1, -0.12689, 0.0653143, -1.53057, 1.06667, 1, -0.133719, 0.0638841, -1.51138, 1.1, 1, -0.133598, 0.0567589, -1.50879, 1.13333, 1, -0.129132, 0.0426499, -1.51957, 1.16667, 1, -0.124718, 0.0204869, -1.52962, 1.23333, 1, -0.125794, -0.0332811, -1.54989, 1.26667, 1, -0.118415, -0.0547536, -1.56821, 1.3, 1, -0.121638, -0.0772536, -1.58941, 1.33333, 1, -0.128279, -0.0968633, -1.61111, 1.36667, 1, -0.134465, -0.112447, -1.62952, 1.4, 1, -0.143227, -0.125505, -1.64667, 1.43333, 1, -0.15076, -0.133932, -1.66081, 1.46667, 1, -0.152209, -0.135286, -1.66779, 1.5, 1, -0.150992, -0.132685, -1.67086, 1.56667, 1, -0.147215, -0.1218, -1.6732, 1.6, 1, -0.14234, -0.116851, -1.67101, 1.63333, 1, -0.134377, -0.111907, -1.66808, 1.66667, 1, -0.124912, -0.107101, -1.66389, 1.7, 1, -0.113968, -0.102412, -1.65901, 1.73333, 1, -0.101735, -0.0982824, -1.6544, 1.76667, 1, -0.0884127, -0.0942694, -1.64971, 1.83333, 1, -0.0621046, -0.088172, -1.64061, 1.86667, 1, -0.0472826, -0.0835981, -1.6358, 1.9, 1, -0.0319651, -0.0781014, -1.63085, 1.96667, 1, -0.00362464, -0.0645162, -1.62093, 2, 1, 0.00990977, -0.0570463, -1.61885, 2.03333, 1, 0.0196031, -0.0509903, -1.61618, 2.06667, 1, 0.02653, -0.0477724, -1.61418, 2.1, 1, 0.0309165, -0.0475065, -1.61293, 2.13333, 1, 0.0321975, -0.0500516, -1.6163, 2.16667, 1, 0.0295609, -0.0537017, -1.62203, 2.2, 1, 0.0241645, -0.0576393, -1.63073, 2.21667, 1, 0.0213309, -0.0592625, -1.63584)
tracks/1/type = "rotation_3d"
tracks/1/imported = true
tracks/1/enabled = true
tracks/1/path = NodePath("Armature/Skeleton3D:mixamorig_Hips")
tracks/1/interp = 1
tracks/1/loop_wrap = true
tracks/1/keys = PackedFloat32Array(0, 1, -0.105618, 0.764932, -0.622719, 0.126274, 0.0333333, 1, -0.103489, 0.765974, -0.62197, 0.125409, 0.0666667, 1, -0.100349, 0.767938, -0.620518, 0.123117, 0.1, 1, -0.0997918, 0.768116, -0.620703, 0.121526, 0.133333, 1, -0.106022, 0.76322, -0.625223, 0.123899, 0.166667, 1, -0.12412, 0.75131, -0.634711, 0.131419, 0.2, 1, -0.153674, 0.731935, -0.647949, 0.144283, 0.233333, 1, -0.190029, 0.707068, -0.661629, 0.161836, 0.266667, 1, -0.240527, 0.678696, -0.665368, 0.19699, 0.3, 1, -0.296388, 0.651558, -0.657505, 0.235187, 0.333333, 1, -0.331396, 0.643497, -0.646912, 0.239987, 0.366667, 1, -0.360902, 0.633439, -0.640644, 0.240997, 0.4, 1, -0.385377, 0.622625, -0.636143, 0.243198, 0.433333, 1, -0.402807, 0.616385, -0.632394, 0.240612, 0.466667, 1, -0.413514, 0.614763, -0.628536, 0.236677, 0.5, 1, -0.418478, 0.61713, -0.622904, 0.23668, 0.533333, 1, -0.417109, 0.622989, -0.618235, 0.235987, 0.566667, 1, -0.406672, 0.633183, -0.616533, 0.231484, 0.6, 1, -0.377795, 0.649631, -0.622528, 0.218423, 0.633333, 1, -0.323778, 0.670333, -0.640221, 0.189575, 0.666667, 1, -0.243428, 0.693064, -0.66353, 0.14189, 0.7, 1, -0.144538, 0.715313, -0.679401, 0.0764781, 0.733333, 1, 0.0443033, -0.731093, 0.680837, 0.00053865, 0.766667, 1, -0.0390155, -0.736204, 0.672465, 0.0653557, 0.8, 1, -0.104219, -0.740499, 0.656321, 0.100213, 0.833333, 1, -0.147015, -0.749548, 0.6357, 0.111577, 0.866667, 1, -0.158676, -0.769378, 0.606784, 0.121212, 0.9, 1, -0.166048, -0.787624, 0.577895, 0.134589, 0.933333, 1, -0.19017, -0.790667, 0.561605, 0.152578, 0.966667, 1, -0.216571, -0.788858, 0.550272, 0.167333, 1, 1, -0.238414, -0.793319, 0.535393, 0.164796, 1.03333, 1, -0.252153, -0.801623, 0.519517, 0.154668, 1.06667, 1, -0.252672, -0.807505, 0.51321, 0.143902, 1.1, 1, -0.237536, -0.809688, 0.519842, 0.133212, 1.13333, 1, -0.212147, -0.812831, 0.528632, 0.121851, 1.16667, 1, -0.181396, -0.813032, 0.543583, 0.10292, 1.2, 1, -0.15215, -0.80794, 0.564448, 0.0740412, 1.23333, 1, -0.11867, -0.799872, 0.586664, 0.0441332, 1.26667, 1, -0.0775803, -0.791887, 0.605604, 0.0118566, 1.3, 1, 0.0356065, 0.785267, -0.617755, 0.0216061, 1.33333, 1, -0.00363089, 0.77661, -0.627556, 0.0551079, 1.36667, 1, -0.038987, 0.764468, -0.637826, 0.0851245, 1.4, 1, -0.0728086, 0.752276, -0.645775, 0.108415, 1.43333, 1, -0.103312, 0.741246, -0.651537, 0.124019, 1.46667, 1, -0.129479, 0.73178, -0.655225, 0.135697, 1.5, 1, -0.153339, 0.723383, -0.657235, 0.14576, 1.53333, 1, -0.173906, 0.715849, -0.658246, 0.15501, 1.56667, 1, -0.190936, 0.710344, -0.657781, 0.162108, 1.6, 1, -0.205608, 0.705652, -0.656892, 0.168149, 1.63333, 1, -0.216274, 0.702672, -0.655438, 0.172857, 1.66667, 1, -0.222514, 0.703446, -0.651702, 0.175887, 1.7, 1, -0.224766, 0.706904, -0.647028, 0.176416, 1.73333, 1, -0.221654, 0.712361, -0.642998, 0.173103, 1.76667, 1, -0.214813, 0.719018, -0.639337, 0.167679, 1.8, 1, -0.206288, 0.727464, -0.634046, 0.161948, 1.83333, 1, -0.19645, 0.736324, -0.62863, 0.155105, 1.86667, 1, -0.185692, 0.743615, -0.624747, 0.149151, 1.9, 1, -0.173671, 0.749078, -0.62269, 0.144838, 1.93333, 1, -0.16217, 0.752656, -0.622488, 0.140424, 1.96667, 1, -0.152238, 0.754896, -0.623276, 0.135955, 2, 1, -0.143451, 0.756255, -0.624552, 0.132042, 2.03333, 1, -0.136014, 0.756808, -0.626282, 0.128503, 2.06667, 1, -0.12996, 0.757815, -0.627163, 0.124475, 2.1, 1, -0.12506, 0.75853, -0.627742, 0.122197, 2.13333, 1, -0.121548, 0.760071, -0.626599, 0.122036, 2.16667, 1, -0.114547, 0.763128, -0.623953, 0.123277, 2.2, 1, -0.1084, 0.764448, -0.623036, 0.125281, 2.21667, 1, -0.105618, 0.764932, -0.622719, 0.126274)
tracks/2/type = "rotation_3d"
tracks/2/imported = true
tracks/2/enabled = true
tracks/2/path = NodePath("Armature/Skeleton3D:mixamorig_Spine")
tracks/2/interp = 1
tracks/2/loop_wrap = true
tracks/2/keys = PackedFloat32Array(0, 1, -0.0429565, -0.00482744, -0.0168258, 0.998924, 0.0333333, 1, -0.0422781, -0.00348356, -0.0161991, 0.998968, 0.0666667, 1, -0.0403444, 0.000514325, -0.015147, 0.999071, 0.1, 1, -0.037549, 0.00634058, -0.0153933, 0.999156, 0.133333, 1, -0.0325345, 0.00978022, -0.0190367, 0.999241, 0.166667, 1, -0.0232554, 0.00868665, -0.0252873, 0.999372, 0.2, 1, -0.0107648, 0.00782151, -0.0286616, 0.999501, 0.233333, 1, 0.00168007, -0.002326, -0.0329645, 0.999452, 0.266667, 1, 0.0173931, -0.0205185, -0.0403843, 0.998822, 0.3, 1, 0.0343868, -0.0418253, -0.0531844, 0.997116, 0.333333, 1, 0.0443898, -0.0589041, -0.0642735, 0.995203, 0.366667, 1, 0.0489364, -0.069359, -0.0714091, 0.993829, 0.4, 1, 0.0485231, -0.0809061, -0.0768102, 0.992572, 0.433333, 1, 0.0452585, -0.091769, -0.0850955, 0.991105, 0.466667, 1, 0.0426006, -0.101937, -0.0889885, 0.989887, 0.5, 1, 0.0411434, -0.109905, -0.0884347, 0.989145, 0.533333, 1, 0.0400201, -0.112279, -0.0894115, 0.988836, 0.566667, 1, 0.04038, -0.111707, -0.0892908, 0.988897, 0.6, 1, 0.0429812, -0.110191, -0.0879691, 0.989076, 0.633333, 1, 0.0483533, -0.107862, -0.0832103, 0.989497, 0.666667, 1, 0.0529944, -0.100984, -0.0748536, 0.990652, 0.7, 1, 0.0551316, -0.0778928, -0.0596671, 0.993646, 0.733333, 1, 0.0522483, -0.0432154, -0.0348928, 0.997088, 0.766667, 1, 0.0369535, -0.00205357, -0.0185574, 0.999143, 0.8, 1, 0.022428, 0.0360642, -0.0242627, 0.998803, 0.833333, 1, 0.0159502, 0.0657196, -0.0459894, 0.99665, 0.866667, 1, 0.00551875, 0.0872848, -0.0540365, 0.994702, 0.9, 1, -0.00722288, 0.10078, -0.0515184, 0.993548, 0.933333, 1, -0.0201512, 0.124742, -0.0577527, 0.990302, 0.966667, 1, -0.0386399, 0.139717, -0.0632069, 0.987416, 1, 1, -0.0641514, 0.117171, -0.0581189, 0.989332, 1.03333, 1, -0.0866861, 0.088587, -0.0459455, 0.991225, 1.06667, 1, -0.106667, 0.0563826, -0.0296712, 0.992251, 1.1, 1, -0.119767, 0.0246067, -0.0109574, 0.992437, 1.13333, 1, -0.118774, 0.00832325, 0.00176145, 0.992885, 1.16667, 1, -0.107716, 0.00282524, 0.00696223, 0.994153, 1.2, 1, -0.0919417, -0.000664888, 0.00465903, 0.995753, 1.23333, 1, -0.0793266, 0.00290818, -0.000122248, 0.996844, 1.26667, 1, -0.0684936, 0.0137457, -0.00450323, 0.997547, 1.3, 1, -0.0579823, 0.0122674, -0.00548176, 0.998227, 1.33333, 1, -0.049994, 0.000601343, -0.0112748, 0.998686, 1.36667, 1, -0.0442372, -0.0112393, -0.0192217, 0.998773, 1.4, 1, -0.0407848, -0.021848, -0.0209637, 0.998709, 1.43333, 1, -0.0375231, -0.0301143, -0.0207689, 0.998626, 1.46667, 1, -0.0342054, -0.0349309, -0.025179, 0.998487, 1.5, 1, -0.0305844, -0.0380842, -0.0303104, 0.998346, 1.53333, 1, -0.0270364, -0.0421172, -0.0355452, 0.998114, 1.56667, 1, -0.023591, -0.045863, -0.0393547, 0.997893, 1.6, 1, -0.0214038, -0.0468221, -0.0413802, 0.997816, 1.63333, 1, -0.0209879, -0.0464392, -0.041944, 0.997819, 1.66667, 1, -0.0212211, -0.0456439, -0.0432545, 0.997795, 1.7, 1, -0.0215867, -0.0445983, -0.0451321, 0.997752, 1.73333, 1, -0.0220074, -0.0427314, -0.0462924, 0.997771, 1.76667, 1, -0.0228648, -0.0400761, -0.0474564, 0.997807, 1.8, 1, -0.0233291, -0.037746, -0.0479206, 0.997865, 1.83333, 1, -0.0230786, -0.0360255, -0.0465434, 0.998, 1.86667, 1, -0.0241938, -0.0353008, -0.0462879, 0.998011, 1.9, 1, -0.0265293, -0.0327655, -0.0462258, 0.998041, 1.93333, 1, -0.0291111, -0.0282514, -0.0435479, 0.998227, 1.96667, 1, -0.0320433, -0.0232367, -0.0413297, 0.998361, 2, 1, -0.0352555, -0.0183308, -0.0399424, 0.998412, 2.03333, 1, -0.0383495, -0.0143343, -0.0369106, 0.99848, 2.06667, 1, -0.041022, -0.013011, -0.032875, 0.998533, 2.1, 1, -0.0434094, -0.0126126, -0.0293289, 0.998547, 2.13333, 1, -0.0444131, -0.0110805, -0.026784, 0.998593, 2.16667, 1, -0.0434619, -0.00779677, -0.0220029, 0.998782, 2.2, 1, -0.0431729, -0.00570341, -0.0181719, 0.998886, 2.21667, 1, -0.0429565, -0.00482715, -0.0168257, 0.998924)
tracks/3/type = "rotation_3d"
tracks/3/imported = true
tracks/3/enabled = true
tracks/3/path = NodePath("Armature/Skeleton3D:mixamorig_Spine1")
tracks/3/interp = 1
tracks/3/loop_wrap = true
tracks/3/keys = PackedFloat32Array(0, 1, -0.0650031, -0.0105038, -0.0126754, 0.997749, 0.0333333, 1, -0.06437, -0.0095096, -0.0121378, 0.997807, 0.0666667, 1, -0.0624791, -0.00654299, -0.0110632, 0.997963, 0.1, 1, -0.0597638, -0.00234304, -0.0102872, 0.998157, 0.133333, 1, -0.0555421, 9.39614e-06, -0.0115913, 0.998389, 0.166667, 1, -0.048515, -0.00083411, -0.0154328, 0.998703, 0.2, 1, -0.0391691, -0.00122748, -0.0184956, 0.999061, 0.233333, 1, -0.0311668, -0.00838808, -0.0238121, 0.999195, 0.266667, 1, -0.0213706, -0.0216361, -0.0329771, 0.998993, 0.3, 1, -0.00925442, -0.0373191, -0.0449275, 0.99825, 0.333333, 1, -0.000485252, -0.0498281, -0.0532037, 0.99734, 0.366667, 1, 0.00391817, -0.0574, -0.0579398, 0.996661, 0.4, 1, 0.0039331, -0.065604, -0.0623422, 0.995889, 0.433333, 1, 0.00241839, -0.0732537, -0.0679875, 0.99499, 0.466667, 1, 0.00143076, -0.0807087, -0.070444, 0.994244, 0.5, 1, 0.000573919, -0.0865949, -0.0711087, 0.993702, 0.533333, 1, -0.000385248, -0.0881768, -0.0732525, 0.993408, 0.566667, 1, -0.000216806, -0.0877273, -0.0744053, 0.993362, 0.6, 1, 0.00173574, -0.0868922, -0.0745892, 0.99342, 0.633333, 1, 0.00582814, -0.0861015, -0.0721664, 0.993652, 0.666667, 1, 0.00925547, -0.0824923, -0.0645043, 0.994459, 0.7, 1, 0.00979234, -0.0666912, -0.0502916, 0.996457, 0.733333, 1, 0.00493788, -0.0417359, -0.0314524, 0.998621, 0.766667, 1, -0.00877228, -0.0102887, -0.0193963, 0.999721, 0.8, 1, -0.0193849, 0.0198615, -0.0225652, 0.99936, 0.833333, 1, -0.0209254, 0.043166, -0.0339092, 0.998273, 0.866667, 1, -0.0257121, 0.059009, -0.0330817, 0.997378, 0.9, 1, -0.0357113, 0.0677202, -0.0261113, 0.996723, 0.933333, 1, -0.048746, 0.0849422, -0.027204, 0.994821, 0.966667, 1, -0.06585, 0.0957078, -0.0294715, 0.992792, 1, 1, -0.0851661, 0.0781827, -0.0253069, 0.992972, 1.03333, 1, -0.100571, 0.0563407, -0.0168974, 0.99319, 1.06667, 1, -0.11495, 0.0319223, -0.00599966, 0.99284, 1.1, 1, -0.126071, 0.00834044, 0.00574188, 0.99197, 1.13333, 1, -0.127208, -0.00326349, 0.0130764, 0.991785, 1.16667, 1, -0.120198, -0.0069325, 0.0146657, 0.992617, 1.2, 1, -0.109082, -0.00980762, 0.0112459, 0.993921, 1.23333, 1, -0.0999037, -0.00752383, 0.00651137, 0.994947, 1.26667, 1, -0.0901923, 0.000551536, 0.00279184, 0.99592, 1.3, 1, -0.0813426, 0.000230459, -0.000373605, 0.996686, 1.36667, 1, -0.070446, -0.0172672, -0.0110794, 0.997305, 1.4, 1, -0.067631, -0.0246281, -0.0138832, 0.99731, 1.43333, 1, -0.0649775, -0.0300356, -0.0162524, 0.997302, 1.46667, 1, -0.0618168, -0.0333229, -0.0198704, 0.997333, 1.5, 1, -0.0583642, -0.0354577, -0.0234032, 0.997391, 1.53333, 1, -0.0552248, -0.0382553, -0.0271854, 0.99737, 1.56667, 1, -0.0523844, -0.0408942, -0.0302694, 0.99733, 1.6, 1, -0.0507472, -0.0414169, -0.0321473, 0.997334, 1.63333, 1, -0.0505928, -0.0408978, -0.0331959, 0.997329, 1.66667, 1, -0.0507384, -0.0401892, -0.0342498, 0.997315, 1.7, 1, -0.0509047, -0.0394322, -0.0352049, 0.997304, 1.73333, 1, -0.0512024, -0.0380027, -0.0360411, 0.997314, 1.76667, 1, -0.0517929, -0.036042, -0.0366319, 0.997335, 1.8, 1, -0.051988, -0.0343454, -0.036989, 0.997371, 1.83333, 1, -0.0517011, -0.0330241, -0.03654, 0.997447, 1.86667, 1, -0.0525096, -0.0327104, -0.035891, 0.997439, 1.9, 1, -0.0542789, -0.0310565, -0.0350554, 0.997427, 1.93333, 1, -0.0562133, -0.0275928, -0.0331541, 0.997487, 1.96667, 1, -0.0585053, -0.0238635, -0.0311559, 0.997515, 2, 1, -0.060911, -0.0202782, -0.0294539, 0.997502, 2.03333, 1, -0.063062, -0.0173317, -0.0269115, 0.997496, 2.06667, 1, -0.0648563, -0.0163676, -0.0241083, 0.997469, 2.1, 1, -0.0664158, -0.0161145, -0.0216796, 0.997426, 2.13333, 1, -0.0669627, -0.015116, -0.0195503, 0.997449, 2.16667, 1, -0.0659055, -0.012661, -0.0163106, 0.997612, 2.2, 1, -0.0653506, -0.0110985, -0.0137301, 0.997706, 2.21667, 1, -0.0650032, -0.0105037, -0.0126754, 0.997749)
tracks/4/type = "rotation_3d"
tracks/4/imported = true
tracks/4/enabled = true
tracks/4/path = NodePath("Armature/Skeleton3D:mixamorig_Spine2")
tracks/4/interp = 1
tracks/4/loop_wrap = true
tracks/4/keys = PackedFloat32Array(0, 1, -0.0651063, -0.00949656, -0.0129509, 0.997749, 0.0333333, 1, -0.0644734, -0.00864507, -0.0124213, 0.997805, 0.0666667, 1, -0.0625768, -0.00598921, -0.0113409, 0.997958, 0.133333, 1, -0.0556382, -5.75123e-05, -0.0118204, 0.998381, 0.166667, 1, -0.0487331, -0.00133962, -0.0157891, 0.998686, 0.2, 1, -0.0393922, -0.00190922, -0.0189833, 0.999042, 0.233333, 1, -0.0314129, -0.00911261, -0.0244465, 0.999166, 0.266667, 1, -0.0217742, -0.0229243, -0.0335583, 0.998937, 0.3, 1, -0.00969811, -0.0393371, -0.0452772, 0.998153, 0.333333, 1, -0.000901065, -0.0519584, -0.0534748, 0.997216, 0.366667, 1, 0.0036277, -0.0595465, -0.0582581, 0.996518, 0.4, 1, 0.00385149, -0.0677917, -0.0626923, 0.99572, 0.433333, 1, 0.00248864, -0.0753258, -0.0685385, 0.994798, 0.466667, 1, 0.00160544, -0.082588, -0.0712579, 0.994032, 0.5, 1, 0.000795615, -0.0883709, -0.0720803, 0.993476, 0.533333, 1, -0.000118398, -0.0899222, -0.0742935, 0.993174, 0.566667, 1, 0.000146765, -0.0894845, -0.0754732, 0.993124, 0.6, 1, 0.00224914, -0.0886825, -0.0756516, 0.99318, 0.633333, 1, 0.00655913, -0.0879552, -0.0731594, 0.993413, 0.666667, 1, 0.00993436, -0.0844324, -0.0652724, 0.994239, 0.7, 1, 0.0100085, -0.0687511, -0.0506715, 0.996296, 0.733333, 1, 0.00468454, -0.043633, -0.0316821, 0.998534, 0.766667, 1, -0.00905933, -0.0114429, -0.0204002, 0.999685, 0.8, 1, -0.0190892, 0.0190707, -0.0245632, 0.999334, 0.833333, 1, -0.0198667, 0.0424118, -0.0357091, 0.998264, 0.866667, 1, -0.0241177, 0.0586398, -0.0337846, 0.997416, 0.9, 1, -0.0343061, 0.0673455, -0.0265324, 0.996787, 0.933333, 1, -0.0473945, 0.084561, -0.0286617, 0.994878, 0.966667, 1, -0.0648248, 0.0951222, -0.0320222, 0.992836, 1, 1, -0.0849769, 0.0771507, -0.0271335, 0.993021, 1.03333, 1, -0.10085, 0.0547856, -0.0177297, 0.993234, 1.06667, 1, -0.115329, 0.0300729, -0.00652645, 0.992851, 1.1, 1, -0.1264, 0.00685218, 0.00504916, 0.991943, 1.13333, 1, -0.127519, -0.00410756, 0.0122975, 0.991751, 1.16667, 1, -0.120466, -0.00695408, 0.0138887, 0.992596, 1.2, 1, -0.109301, -0.0090316, 0.010549, 0.993912, 1.23333, 1, -0.0999795, -0.00571547, 0.0058024, 0.994956, 1.26667, 1, -0.0898149, 0.00349912, 0.00210728, 0.99595, 1.3, 1, -0.0808201, 0.00352488, -0.000939926, 0.996722, 1.33333, 1, -0.075234, -0.00515773, -0.00600428, 0.997135, 1.36667, 1, -0.0706331, -0.0145179, -0.0113358, 0.997332, 1.4, 1, -0.0681197, -0.0220981, -0.014026, 0.997334, 1.43333, 1, -0.0656923, -0.0276826, -0.0163257, 0.997322, 1.46667, 1, -0.062718, -0.0309116, -0.0199089, 0.997354, 1.5, 1, -0.0594148, -0.033063, -0.0234497, 0.99741, 1.53333, 1, -0.0564229, -0.036105, -0.0272594, 0.997382, 1.56667, 1, -0.0536733, -0.0391213, -0.0303831, 0.997329, 1.6, 1, -0.0520076, -0.0399832, -0.032289, 0.997323, 1.63333, 1, -0.0518105, -0.0395953, -0.0333408, 0.997315, 1.7, 1, -0.0520753, -0.0381512, -0.0353705, 0.997287, 1.73333, 1, -0.0523254, -0.0367138, -0.0362146, 0.997298, 1.76667, 1, -0.0528472, -0.0347318, -0.0368168, 0.997319, 1.8, 1, -0.0529608, -0.0331456, -0.0372071, 0.997353, 1.83333, 1, -0.0525878, -0.0320535, -0.0368006, 0.997423, 1.86667, 1, -0.0533506, -0.0318978, -0.0361741, 0.997411, 1.9, 1, -0.055047, -0.0303064, -0.0353551, 0.997397, 1.93333, 1, -0.0568574, -0.0269133, -0.0334857, 0.997458, 1.96667, 1, -0.0590346, -0.0231558, -0.0315066, 0.99749, 2, 1, -0.0613357, -0.0194573, -0.029815, 0.997482, 2.03333, 1, -0.0633939, -0.0164143, -0.0272748, 0.997481, 2.06667, 1, -0.0651499, -0.0154339, -0.024464, 0.997456, 2.1, 1, -0.0666939, -0.0152109, -0.0220261, 0.997414, 2.13333, 1, -0.0672006, -0.0141379, -0.0198786, 0.997441, 2.16667, 1, -0.0660722, -0.0116655, -0.0166196, 0.997608, 2.2, 1, -0.0654694, -0.0100744, -0.0140143, 0.997705, 2.21667, 1, -0.0651063, -0.00949655, -0.0129508, 0.997749)
tracks/5/type = "rotation_3d"
tracks/5/imported = true
tracks/5/enabled = true
tracks/5/path = NodePath("Armature/Skeleton3D:mixamorig_Neck")
tracks/5/interp = 1
tracks/5/loop_wrap = true
tracks/5/keys = PackedFloat32Array(0, 1, 0.0735186, 0.0276263, 0.0229108, 0.996648, 0.0333333, 1, 0.0736524, 0.0270749, 0.021193, 0.996691, 0.0666667, 1, 0.0728171, 0.0252704, 0.0199837, 0.996825, 0.1, 1, 0.0702476, 0.0244327, 0.0266029, 0.996875, 0.133333, 1, 0.0648458, 0.0272804, 0.0467636, 0.996426, 0.166667, 1, 0.0555589, 0.0353035, 0.0745709, 0.995041, 0.2, 1, 0.0431298, 0.0482711, 0.0953527, 0.993337, 0.233333, 1, 0.0327045, 0.0648599, 0.0971853, 0.992612, 0.266667, 1, 0.031291, 0.0819938, 0.0833651, 0.992647, 0.3, 1, 0.0426574, 0.0949266, 0.0652785, 0.992425, 0.333333, 1, 0.062439, 0.100833, 0.0549098, 0.991423, 0.366667, 1, 0.0821344, 0.102276, 0.0586214, 0.989625, 0.4, 1, 0.0952982, 0.104314, 0.0775165, 0.986929, 0.433333, 1, 0.102036, 0.108618, 0.103433, 0.983409, 0.466667, 1, 0.106029, 0.112351, 0.125953, 0.979934, 0.5, 1, 0.110841, 0.112414, 0.139893, 0.9775, 0.533333, 1, 0.115982, 0.109444, 0.148357, 0.975992, 0.566667, 1, 0.118172, 0.105907, 0.153694, 0.975293, 0.6, 1, 0.118083, 0.102641, 0.152884, 0.97578, 0.633333, 1, 0.122779, 0.0973959, 0.141397, 0.977469, 0.666667, 1, 0.136788, 0.0859377, 0.119747, 0.979574, 0.7, 1, 0.147564, 0.0665462, 0.0967119, 0.982061, 0.733333, 1, 0.133984, 0.0413906, 0.07993, 0.986887, 0.766667, 1, 0.0894952, 0.0162155, 0.071894, 0.993257, 0.8, 1, 0.0358653, -0.00421056, 0.0706666, 0.996846, 0.833333, 1, 0.00473963, -0.0188048, 0.0719261, 0.997221, 0.866667, 1, 0.00732072, -0.030605, 0.0694101, 0.997092, 0.9, 1, 0.0263569, -0.0422474, 0.0598941, 0.996962, 0.933333, 1, 0.034171, -0.0505602, 0.0478389, 0.996989, 0.966667, 1, 0.0220295, -0.0487073, 0.0464303, 0.99749, 1, 1, 0.0013003, -0.035157, 0.067798, 0.997079, 1.03333, 1, -0.0139555, -0.0162673, 0.108344, 0.993882, 1.06667, 1, -0.0214123, 0.00167396, 0.150414, 0.98839, 1.1, 1, -0.0263777, 0.0150389, 0.177408, 0.983669, 1.13333, 1, -0.0331959, 0.022439, 0.184309, 0.982051, 1.16667, 1, -0.0409316, 0.023794, 0.172943, 0.983793, 1.2, 1, -0.0462801, 0.0196643, 0.145475, 0.988083, 1.23333, 1, -0.0477777, 0.0123119, 0.106159, 0.993124, 1.26667, 1, -0.0462989, 0.0058304, 0.0636195, 0.996883, 1.3, 1, -0.0445891, 0.00490313, 0.0310336, 0.998511, 1.33333, 1, -0.0455413, 0.0105571, 0.0147225, 0.998798, 1.36667, 1, -0.050257, 0.0197151, 0.0109, 0.998482, 1.4, 1, -0.0557514, 0.0278536, 0.00989547, 0.998007, 1.43333, 1, -0.0577274, 0.0332023, 0.00695742, 0.997756, 1.46667, 1, -0.0540225, 0.036635, 0.00281847, 0.997863, 1.5, 1, -0.0466355, 0.0400023, 7.82976e-05, 0.998111, 1.53333, 1, -0.0384356, 0.044195, -0.000631624, 0.998283, 1.56667, 1, -0.0302963, 0.0486504, -0.0017838, 0.998355, 1.6, 1, -0.0205537, 0.0522755, -0.00648489, 0.9984, 1.63333, 1, -0.00746905, 0.0543368, -0.0157319, 0.998371, 1.66667, 1, 0.00765102, 0.0550217, -0.026754, 0.998097, 1.7, 1, 0.022058, 0.054753, -0.0363911, 0.997593, 1.73333, 1, 0.0339488, 0.0538987, -0.0426619, 0.997057, 1.76667, 1, 0.0440189, 0.0527053, -0.045038, 0.996622, 1.8, 1, 0.0539231, 0.0514223, -0.0434108, 0.996275, 1.83333, 1, 0.0645519, 0.0502971, -0.0387624, 0.995892, 1.9, 1, 0.0855554, 0.0473069, -0.0250233, 0.994895, 1.93333, 1, 0.0933156, 0.0440626, -0.0165683, 0.994523, 2, 1, 0.0981709, 0.0354055, 0.00419123, 0.994531, 2.03333, 1, 0.0963491, 0.0323387, 0.0147215, 0.994713, 2.06667, 1, 0.0933021, 0.0309369, 0.0238149, 0.994872, 2.1, 1, 0.0895979, 0.0305348, 0.0303001, 0.995049, 2.13333, 1, 0.0852101, 0.0302105, 0.0328391, 0.995363, 2.16667, 1, 0.0803457, 0.0294356, 0.0308831, 0.995854, 2.2, 1, 0.0756161, 0.0282938, 0.0260768, 0.996394, 2.21667, 1, 0.0735185, 0.0276263, 0.0229108, 0.996648)
tracks/6/type = "rotation_3d"
tracks/6/imported = true
tracks/6/enabled = true
tracks/6/path = NodePath("Armature/Skeleton3D:mixamorig_Head")
tracks/6/interp = 1
tracks/6/loop_wrap = true
tracks/6/keys = PackedFloat32Array(0, 1, 0.195972, 0.121985, 0.0351996, 0.972356, 0.0333333, 1, 0.195932, 0.119774, 0.0362937, 0.972598, 0.0666667, 1, 0.194607, 0.113038, 0.0378402, 0.973611, 0.1, 1, 0.1892, 0.107048, 0.0347981, 0.975466, 0.133333, 1, 0.174463, 0.108108, 0.0240588, 0.978415, 0.166667, 1, 0.146117, 0.12284, 0.0118721, 0.981539, 0.2, 1, 0.101361, 0.158344, 0.0119519, 0.982095, 0.233333, 1, 0.0394347, 0.219123, 0.0324242, 0.974361, 0.266667, 1, -0.0291561, 0.293106, 0.0612308, 0.953672, 0.3, 1, -0.0837351, 0.355771, 0.0775563, 0.927578, 0.333333, 1, -0.1105, 0.39082, 0.0709313, 0.911054, 0.366667, 1, -0.115415, 0.401131, 0.0517678, 0.907245, 0.4, 1, -0.112434, 0.397892, 0.0399695, 0.909639, 0.433333, 1, -0.113305, 0.391505, 0.0444283, 0.912092, 0.466667, 1, -0.122741, 0.382281, 0.059418, 0.913929, 0.533333, 1, -0.15053, 0.345683, 0.0837131, 0.922408, 0.566667, 1, -0.15187, 0.326462, 0.0938281, 0.9282, 0.6, 1, -0.139667, 0.311156, 0.117201, 0.932705, 0.633333, 1, -0.115791, 0.293121, 0.158865, 0.935647, 0.666667, 1, -0.0785137, 0.256049, 0.202918, 0.941859, 0.7, 1, -0.0236262, 0.189369, 0.217264, 0.957276, 0.733333, 1, 0.0452773, 0.0932316, 0.183881, 0.977469, 0.766667, 1, 0.104268, -0.0236117, 0.123341, 0.986589, 0.8, 1, 0.136771, -0.13511, 0.0763161, 0.978374, 0.833333, 1, 0.153663, -0.208133, 0.0589212, 0.964156, 0.866667, 1, 0.174263, -0.244954, 0.0599854, 0.951857, 0.9, 1, 0.202948, -0.271179, 0.0655594, 0.938603, 0.933333, 1, 0.235648, -0.293593, 0.064294, 0.924197, 0.966667, 1, 0.263474, -0.295788, 0.0516135, 0.916748, 1, 1, 0.272227, -0.267742, 0.0309513, 0.923715, 1.03333, 1, 0.249365, -0.217358, 0.0188873, 0.943513, 1.06667, 1, 0.201289, -0.162191, 0.0295474, 0.965559, 1.1, 1, 0.151455, -0.117751, 0.0573674, 0.979747, 1.13333, 1, 0.120227, -0.0870749, 0.0815182, 0.985555, 1.16667, 1, 0.111758, -0.067197, 0.087762, 0.987569, 1.2, 1, 0.119972, -0.0574642, 0.0762827, 0.988173, 1.23333, 1, 0.135297, -0.0538068, 0.0618782, 0.987406, 1.26667, 1, 0.152209, -0.0449264, 0.0595631, 0.985528, 1.3, 1, 0.168783, -0.0189227, 0.0732777, 0.982743, 1.33333, 1, 0.183772, 0.024508, 0.0947915, 0.978081, 1.36667, 1, 0.193798, 0.0748973, 0.113363, 0.971587, 1.4, 1, 0.196835, 0.118971, 0.125701, 0.965039, 1.43333, 1, 0.193586, 0.151175, 0.137211, 0.959606, 1.46667, 1, 0.186757, 0.173791, 0.154925, 0.954419, 1.53333, 1, 0.17268, 0.21233, 0.201734, 0.940426, 1.56667, 1, 0.16786, 0.23168, 0.218234, 0.933017, 1.6, 1, 0.164797, 0.248037, 0.227939, 0.927019, 1.63333, 1, 0.164409, 0.258345, 0.233757, 0.922814, 1.66667, 1, 0.167898, 0.262253, 0.237558, 0.920109, 1.7, 1, 0.175104, 0.260828, 0.238313, 0.918975, 1.73333, 1, 0.183575, 0.255773, 0.234817, 0.919642, 1.76667, 1, 0.190859, 0.248516, 0.227517, 0.921981, 1.8, 1, 0.196358, 0.240153, 0.21758, 0.925435, 1.83333, 1, 0.200994, 0.231909, 0.205934, 0.929199, 1.86667, 1, 0.205038, 0.223762, 0.191768, 0.933336, 1.9, 1, 0.207365, 0.213265, 0.173015, 0.938927, 1.93333, 1, 0.207401, 0.197899, 0.149529, 0.946289, 1.96667, 1, 0.205778, 0.177894, 0.123743, 0.954304, 2, 1, 0.203811, 0.157463, 0.100136, 0.961062, 2.03333, 1, 0.202144, 0.141573, 0.0816504, 0.965623, 2.06667, 1, 0.20025, 0.132851, 0.0682924, 0.968291, 2.1, 1, 0.19746, 0.129391, 0.0577022, 0.97002, 2.13333, 1, 0.194304, 0.127897, 0.0486375, 0.971351, 2.16667, 1, 0.192659, 0.126113, 0.0414998, 0.972243, 2.2, 1, 0.193788, 0.123546, 0.0365411, 0.972547, 2.21667, 1, 0.195972, 0.121985, 0.0351996, 0.972356)
tracks/7/type = "rotation_3d"
tracks/7/imported = true
tracks/7/enabled = true
tracks/7/path = NodePath("Armature/Skeleton3D:mixamorig_HeadTop_End")
tracks/7/interp = 1
tracks/7/loop_wrap = true
tracks/7/keys = PackedFloat32Array(0, 1, 1.43922e-16, -7.31205e-08, -1.9063e-09, 1)
tracks/8/type = "rotation_3d"
tracks/8/imported = true
tracks/8/enabled = true
tracks/8/path = NodePath("Armature/Skeleton3D:mixamorig_LeftShoulder")
tracks/8/interp = 1
tracks/8/loop_wrap = true
tracks/8/keys = PackedFloat32Array(0, 1, 0.621762, -0.354109, 0.581502, 0.387136, 0.0333333, 1, 0.621141, -0.354786, 0.581463, 0.387571, 0.0666667, 1, 0.617921, -0.358796, 0.580747, 0.390093, 0.1, 1, 0.615364, -0.362166, 0.579829, 0.39238, 0.133333, 1, 0.617741, -0.359445, 0.579772, 0.391228, 0.166667, 1, 0.61933, -0.357211, 0.580288, 0.389996, 0.2, 1, 0.607919, -0.369431, 0.580923, 0.39558, 0.266667, 1, 0.559429, -0.421103, 0.580312, 0.415871, 0.3, 1, 0.541367, -0.441628, 0.576134, 0.424213, 0.333333, 1, 0.526866, -0.45859, 0.571972, 0.430064, 0.366667, 1, 0.515151, -0.47082, 0.571615, 0.431514, 0.4, 1, 0.511978, -0.47248, 0.574634, 0.429462, 0.433333, 1, 0.515394, -0.467141, 0.577933, 0.426781, 0.466667, 1, 0.514811, -0.465905, 0.581155, 0.424454, 0.5, 1, 0.508639, -0.470337, 0.584447, 0.422481, 0.533333, 1, 0.506134, -0.471605, 0.586585, 0.421112, 0.566667, 1, 0.509042, -0.467642, 0.588124, 0.419878, 0.6, 1, 0.51113, -0.464185, 0.590158, 0.418321, 0.633333, 1, 0.511597, -0.46395, 0.589312, 0.419202, 0.666667, 1, 0.517465, -0.461649, 0.582473, 0.42407, 0.7, 1, 0.530812, -0.450404, 0.579256, 0.424071, 0.733333, 1, 0.545748, -0.43183, 0.588322, 0.411775, 0.766667, 1, 0.557038, -0.414507, 0.601366, 0.395286, 0.8, 1, 0.562564, -0.405754, 0.608536, 0.385447, 0.833333, 1, 0.563931, -0.404083, 0.610346, 0.382329, 0.866667, 1, 0.565582, -0.403129, 0.610187, 0.381149, 0.9, 1, 0.56379, -0.405817, 0.60879, 0.383183, 0.933333, 1, 0.555712, -0.414303, 0.606868, 0.388906, 0.966667, 1, 0.558043, -0.412223, 0.606725, 0.388002, 1, 1, 0.580233, -0.389629, 0.610238, 0.372999, 1.03333, 1, 0.599753, -0.366921, 0.615581, 0.355986, 1.06667, 1, 0.601523, -0.360287, 0.620496, 0.351209, 1.1, 1, 0.598833, -0.361441, 0.620554, 0.354503, 1.13333, 1, 0.605942, -0.3602, 0.612623, 0.357469, 1.16667, 1, 0.618806, -0.356596, 0.600704, 0.359269, 1.2, 1, 0.627249, -0.351971, 0.593797, 0.360666, 1.23333, 1, 0.625502, -0.350217, 0.595216, 0.363061, 1.26667, 1, 0.613122, -0.357629, 0.599446, 0.369928, 1.3, 1, 0.601608, -0.368371, 0.59887, 0.379111, 1.33333, 1, 0.601196, -0.370201, 0.595275, 0.383619, 1.36667, 1, 0.605783, -0.366027, 0.593002, 0.383926, 1.4, 1, 0.606128, -0.365726, 0.591467, 0.386032, 1.43333, 1, 0.603494, -0.369314, 0.588888, 0.390658, 1.46667, 1, 0.601496, -0.372795, 0.585864, 0.394955, 1.5, 1, 0.601521, -0.373783, 0.583958, 0.396802, 1.53333, 1, 0.603923, -0.371757, 0.583158, 0.396232, 1.56667, 1, 0.606572, -0.369273, 0.582656, 0.395246, 1.6, 1, 0.607445, -0.36868, 0.582113, 0.39526, 1.63333, 1, 0.606819, -0.369909, 0.581229, 0.396373, 1.66667, 1, 0.60606, -0.371434, 0.580099, 0.39776, 1.7, 1, 0.60499, -0.373036, 0.579364, 0.39896, 1.73333, 1, 0.602676, -0.375572, 0.579241, 0.400258, 1.76667, 1, 0.600768, -0.377731, 0.579012, 0.401424, 1.8, 1, 0.60243, -0.376437, 0.578257, 0.40124, 1.83333, 1, 0.607838, -0.371145, 0.577548, 0.399027, 1.86667, 1, 0.614133, -0.364596, 0.5773, 0.395771, 1.9, 1, 0.617861, -0.360573, 0.577349, 0.393577, 1.93333, 1, 0.619731, -0.358269, 0.577826, 0.392038, 1.96667, 1, 0.623503, -0.353248, 0.579358, 0.388336, 2, 1, 0.628867, -0.346153, 0.581327, 0.383096, 2.03333, 1, 0.631756, -0.342407, 0.582215, 0.380353, 2.1, 1, 0.631395, -0.343219, 0.581582, 0.381187, 2.13333, 1, 0.630607, -0.344101, 0.581627, 0.381627, 2.16667, 1, 0.627761, -0.347347, 0.581615, 0.383394, 2.2, 1, 0.623685, -0.351991, 0.58149, 0.385991, 2.21667, 1, 0.621762, -0.354109, 0.581503, 0.387136)
tracks/9/type = "rotation_3d"
tracks/9/imported = true
tracks/9/enabled = true
tracks/9/path = NodePath("Armature/Skeleton3D:mixamorig_LeftArm")
tracks/9/interp = 1
tracks/9/loop_wrap = true
