[gd_scene load_steps=15 format=3 uid="uid://cqj8dnj3d0ckt"]

[ext_resource type="PackedScene" uid="uid://y83nva3lgde5" path="res://Scenes/Characters/Sabai/Sabai_model.tscn" id="1_6ohvh"]
[ext_resource type="Script" uid="uid://dhckurrw8y7r5" path="res://Scripts/Body_part.gd" id="2_5ownw"]

[sub_resource type="CapsuleShape3D" id="CapsuleShape3D_f5xxy"]
radius = 0.0706006
height = 0.385725

[sub_resource type="CapsuleShape3D" id="CapsuleShape3D_oghoa"]
radius = 0.0902743
height = 0.447693

[sub_resource type="CapsuleShape3D" id="CapsuleShape3D_2afvx"]
radius = 0.0718191
height = 0.415843

[sub_resource type="CapsuleShape3D" id="CapsuleShape3D_kpnt3"]
radius = 0.0908136
height = 0.414112

[sub_resource type="BoxShape3D" id="BoxShape3D_6ohvh"]
size = Vector3(0.270782, 0.300598, 0.0523224)

[sub_resource type="CapsuleShape3D" id="CapsuleShape3D_6ohvh"]
radius = 0.0840754
height = 0.454477

[sub_resource type="CapsuleShape3D" id="CapsuleShape3D_5ownw"]
radius = 0.100872
height = 0.432002

[sub_resource type="CapsuleShape3D" id="CapsuleShape3D_v0ldv"]
radius = 0.0912538
height = 0.48042

[sub_resource type="CapsuleShape3D" id="CapsuleShape3D_v1mio"]
radius = 0.104138
height = 0.437546

[sub_resource type="CapsuleShape3D" id="CapsuleShape3D_t8uym"]
radius = 0.122801
height = 0.339241

[sub_resource type="CapsuleShape3D" id="CapsuleShape3D_t77eu"]
radius = 0.253805
height = 0.642057

[sub_resource type="CapsuleShape3D" id="CapsuleShape3D_ir4xo"]
radius = 0.406639
height = 1.18163

[node name="Sabai" type="CharacterBody3D"]

[node name="Sabai" parent="." instance=ExtResource("1_6ohvh")]

[node name="BOLVANSABAI" parent="Sabai/Node" index="0"]
transform = Transform3D(-4.37114e-08, 0, 1, 0, 1, 0, -1, 0, -4.37114e-08, 1, 0.578429, 0.0987962)

[node name="Leftleg" parent="Sabai/Node/BOLVANSABAI/Nizjopa" index="4"]
transform = Transform3D(0.865017, 0.499482, -0.0475723, -0.50174, 0.860793, -0.0854004, -0.00170609, 0.0977417, 0.99521, -0.0921875, -0.084375, 0)

[node name="leftlegmid2" parent="Sabai/Node/BOLVANSABAI/Nizjopa/Leftleg" index="3"]
transform = Transform3D(1, 0, 0, 0, 0.429408, -0.903111, 0, 0.903111, 0.429408, -0.114063, -0.228125, -0.075)

[node name="leftlegniz" parent="Sabai/Node/BOLVANSABAI/Nizjopa/Leftleg/leftlegmid2" index="1"]
transform = Transform3D(1, 0, 0, 0, 0.396827, 0.917893, 0, -0.917893, 0.396827, 0.0015625, 0.021875, 0.2)

[node name="Area3D" type="Area3D" parent="Sabai/Node/BOLVANSABAI/Nizjopa/Leftleg/leftlegmid2/leftlegniz/LeftLegDown" index="0" groups=["body_part"]]
collision_layer = 6
collision_mask = 6
script = ExtResource("2_5ownw")
damage_mult = 0.5

[node name="CollisionShape3D" type="CollisionShape3D" parent="Sabai/Node/BOLVANSABAI/Nizjopa/Leftleg/leftlegmid2/leftlegniz/LeftLegDown/Area3D"]
transform = Transform3D(1, 0, 0, 0, 0.969166, -0.246407, 0, 0.246407, 0.969166, 0.00352418, -0.113249, 0.00671208)
shape = SubResource("CapsuleShape3D_f5xxy")

[node name="Area3D" type="Area3D" parent="Sabai/Node/BOLVANSABAI/Nizjopa/Leftleg/LeftLegUp" index="0" groups=["body_part"]]
collision_layer = 6
collision_mask = 6
script = ExtResource("2_5ownw")

[node name="CollisionShape3D" type="CollisionShape3D" parent="Sabai/Node/BOLVANSABAI/Nizjopa/Leftleg/LeftLegUp/Area3D"]
transform = Transform3D(1, 0, 0, 0, 0.870982, -0.491314, 0, 0.491314, 0.870982, -0.0877875, -0.0933298, -0.0332201)
shape = SubResource("CapsuleShape3D_oghoa")

[node name="Area3D" type="Area3D" parent="Sabai/Node/BOLVANSABAI/Nizjopa/Rightleg/rightlegmid2/rightlegniz/RightLegDown" index="0" groups=["body_part"]]
collision_layer = 6
collision_mask = 6
script = ExtResource("2_5ownw")
damage_mult = 0.5

[node name="CollisionShape3D" type="CollisionShape3D" parent="Sabai/Node/BOLVANSABAI/Nizjopa/Rightleg/rightlegmid2/rightlegniz/RightLegDown/Area3D"]
transform = Transform3D(1, 0, 0, 0, 0.985322, -0.170708, 0, 0.170708, 0.985322, -0.000412464, -0.10503, 0.000673056)
shape = SubResource("CapsuleShape3D_2afvx")

[node name="Area3D" type="Area3D" parent="Sabai/Node/BOLVANSABAI/Nizjopa/Rightleg/RightLegUp" index="0" groups=["body_part"]]
collision_layer = 6
collision_mask = 6
script = ExtResource("2_5ownw")

[node name="CollisionShape3D" type="CollisionShape3D" parent="Sabai/Node/BOLVANSABAI/Nizjopa/Rightleg/RightLegUp/Area3D"]
transform = Transform3D(1, 0, 0, 0, 0.854939, -0.518728, 0, 0.518728, 0.854939, 0.105642, -0.0991561, -0.0379256)
shape = SubResource("CapsuleShape3D_kpnt3")

[node name="hvost" parent="Sabai/Node/BOLVANSABAI/Nizjopa" index="6"]
transform = Transform3D(1, 0, 0, 0, 1, 0, 0, 0, 1, 0, -0.151562, 0.134375)

[node name="Area3D" type="Area3D" parent="Sabai/Node/BOLVANSABAI/Nizjopa/hvost/Tail" index="0" groups=["body_part"]]
collision_layer = 6
collision_mask = 6
script = ExtResource("2_5ownw")

[node name="CollisionShape3D" type="CollisionShape3D" parent="Sabai/Node/BOLVANSABAI/Nizjopa/hvost/Tail/Area3D"]
transform = Transform3D(1, 0, 0, 0, 0.847066, 0.531487, 0, -0.531487, 0.847066, 0.00458214, -0.111141, 0.0643525)
shape = SubResource("BoxShape3D_6ohvh")

[node name="toporlox1" parent="Sabai/Node/BOLVANSABAI/Verxa1/obmantopor" index="0"]
transform = Transform3D(-0.984808, 0.173648, 8.94075e-08, -0.0241672, -0.13706, 0.990268, 0.171958, 0.975224, 0.139174, -0.179527, 0.468557, -0.423091)

[node name="toporobman21" parent="Sabai/Node/BOLVANSABAI/Verxa1/obmantopor" index="1"]
transform = Transform3D(-0.991445, -0.130527, 4.47034e-08, 0.0113761, -0.0864098, 0.996195, -0.13003, 0.987672, 0.0871554, 0.128696, 0.432762, -0.451344)

[node name="leftarms" parent="Sabai/Node/BOLVANSABAI/Verxa1" index="14"]
transform = Transform3D(1, 0, 0, 0, 1, 0, 0, 0, 1, -0.117188, 0.0203125, -0.203125)

[node name="rightarms" parent="Sabai/Node/BOLVANSABAI/Verxa1" index="15"]
transform = Transform3D(1, 0, 0, 0, 0.21644, -0.976296, 0, 0.976296, 0.21644, 0.117188, 0.020315, -0.203128)

[node name="Rightarm" parent="Sabai/Node/BOLVANSABAI/Verxa1" index="16"]
transform = Transform3D(0.999999, 0, 0, 0, 1, 0, 0, 0, 1, 0.243725, 0.177278, -0.214465)

[node name="rightarmladon" parent="Sabai/Node/BOLVANSABAI/Verxa1/Rightarm/rightarmmid2" index="1"]
transform = Transform3D(1, 0, 0, 0, 1, 0, 0, 0, 1, 0.00608937, -0.256067, -0.100144)

[node name="rightpalez3" parent="Sabai/Node/BOLVANSABAI/Verxa1/Rightarm/rightarmmid2/rightarmladon" index="1"]
transform = Transform3D(0.506045, -0.823114, -0.257685, 0.622127, 0.555269, -0.551937, 0.597391, 0.118992, 0.793072, -0.0118456, -0.0452675, 0.0272569)

[node name="rightpalez2" parent="Sabai/Node/BOLVANSABAI/Verxa1/Rightarm/rightarmmid2/rightarmladon" index="2"]
transform = Transform3D(1, 0, 0, 0, 1, 0, 0, 0, 1, 0.0330056, -0.0537356, 0.0216769)

[node name="rightpalez1" parent="Sabai/Node/BOLVANSABAI/Verxa1/Rightarm/rightarmmid2/rightarmladon" index="3"]
transform = Transform3D(1, 0, 0, 0, 1, 0, 0, 0, 1, 0.0248444, -0.0525125, -0.0208212)

[node name="topor1" parent="Sabai/Node/BOLVANSABAI/Verxa1/Rightarm/rightarmmid2" index="2"]
transform = Transform3D(0, 0, 0, 0, 0, 0, 0, 0, 0, 0.00521625, -0.371364, -0.201835)

[node name="Area3D" type="Area3D" parent="Sabai/Node/BOLVANSABAI/Verxa1/Rightarm/rightarmmid2/RightArmDown" index="0" groups=["body_part"]]
collision_layer = 6
collision_mask = 6
script = ExtResource("2_5ownw")

[node name="CollisionShape3D" type="CollisionShape3D" parent="Sabai/Node/BOLVANSABAI/Verxa1/Rightarm/rightarmmid2/RightArmDown/Area3D"]
transform = Transform3D(1, 0, 0, 0, 0.93688, -0.349651, 0, 0.349651, 0.93688, 0.00996178, -0.189984, -0.0535056)
shape = SubResource("CapsuleShape3D_6ohvh")

[node name="Area3D" type="Area3D" parent="Sabai/Node/BOLVANSABAI/Verxa1/Rightarm/RightArmTop" index="0" groups=["body_part"]]
collision_layer = 6
collision_mask = 6
script = ExtResource("2_5ownw")

[node name="CollisionShape3D" type="CollisionShape3D" parent="Sabai/Node/BOLVANSABAI/Verxa1/Rightarm/RightArmTop/Area3D"]
transform = Transform3D(1, 0, 0, 0, 1, 0, 0, 0, 1, 0.0610664, -0.0816481, -0.0207061)
shape = SubResource("CapsuleShape3D_5ownw")

[node name="Leftarm" parent="Sabai/Node/BOLVANSABAI/Verxa1" index="17"]
transform = Transform3D(1, 0, 0, 0, -0.67559, -0.737277, 0, 0.737277, -0.67559, -0.243726, 0.177276, -0.214466)

[node name="leftarmmid2" parent="Sabai/Node/BOLVANSABAI/Verxa1/Leftarm" index="5"]
transform = Transform3D(1, 0, 0, 0, 1, 0, 0, 0, 1, -0.067255, -0.310649, -0.0350425)

[node name="leftpalez3" parent="Sabai/Node/BOLVANSABAI/Verxa1/Leftarm/leftarmmid2/leftarmladon" index="1"]
transform = Transform3D(0.43064, 0.885436, 0.174791, -0.556971, 0.413119, -0.720497, -0.710164, 0.212921, 0.671068, 0.0118425, -0.0452694, 0.0272588)

[node name="leftpalez2" parent="Sabai/Node/BOLVANSABAI/Verxa1/Leftarm/leftarmmid2/leftarmladon" index="2"]
transform = Transform3D(1, 0, 0, 0, 1, 0, 0, 0, 1, -0.0330069, -0.0537388, 0.0216787)

[node name="leftpalez1" parent="Sabai/Node/BOLVANSABAI/Verxa1/Leftarm/leftarmmid2/leftarmladon" index="3"]
transform = Transform3D(1, 0, 0, 0, 1, 0, 0, 0, 1, -0.0248469, -0.0525106, -0.0208194)

[node name="topor2" parent="Sabai/Node/BOLVANSABAI/Verxa1/Leftarm/leftarmmid2" index="2"]
transform = Transform3D(0, 0, 0, 0, 0, 0, 0, 0, 0, 0.0689544, -0.273071, -0.173582)

[node name="verxa" parent="Sabai/Node/BOLVANSABAI/Verxa1/Leftarm/leftarmmid2/topor2" index="4"]
transform = Transform3D(-1, -1.50996e-07, 0, 1.50996e-07, -1, 0, 0, 0, 1, 0.0498681, 0.261342, -0.0181206)

[node name="Area3D" type="Area3D" parent="Sabai/Node/BOLVANSABAI/Verxa1/Leftarm/leftarmmid2/LeftArmDown" index="0" groups=["body_part"]]
collision_layer = 6
collision_mask = 6
script = ExtResource("2_5ownw")

[node name="CollisionShape3D" type="CollisionShape3D" parent="Sabai/Node/BOLVANSABAI/Verxa1/Leftarm/leftarmmid2/LeftArmDown/Area3D"]
transform = Transform3D(1, 0, 0, 0, 0.950646, -0.310278, 0, 0.310278, 0.950646, -0.0284589, -0.207631, -0.0590236)
shape = SubResource("CapsuleShape3D_v0ldv")

[node name="Area3D" type="Area3D" parent="Sabai/Node/BOLVANSABAI/Verxa1/Leftarm/LeftArmTop" index="0" groups=["body_part"]]
collision_layer = 6
collision_mask = 6
script = ExtResource("2_5ownw")

[node name="CollisionShape3D" type="CollisionShape3D" parent="Sabai/Node/BOLVANSABAI/Verxa1/Leftarm/LeftArmTop/Area3D"]
transform = Transform3D(1, 0, 0, 0, 1, 0, 0, 0, 1, -0.0719158, -0.0704654, -0.0332484)
shape = SubResource("CapsuleShape3D_v1mio")

[node name="golova" parent="Sabai/Node/BOLVANSABAI/Verxa1" index="18"]
transform = Transform3D(1, 0, 0, 0, 0.96923, 0.246153, 0, -0.246153, 0.969231, 0, 0.138571, -0.411624)

[node name="Area3D" type="Area3D" parent="Sabai/Node/BOLVANSABAI/Verxa1/golova/Head" index="0" groups=["body_part"]]
collision_layer = 6
collision_mask = 6
script = ExtResource("2_5ownw")

[node name="CollisionShape3D" type="CollisionShape3D" parent="Sabai/Node/BOLVANSABAI/Verxa1/golova/Head/Area3D"]
transform = Transform3D(1, 0, 0, 0, 1, 0, 0, 0, 1, 0, 0.000954926, -0.0956351)
shape = SubResource("CapsuleShape3D_t8uym")

[node name="Area3D" type="Area3D" parent="Sabai/Node/BOLVANSABAI/Verxa1/Torso" index="0" groups=["body_part"]]
collision_layer = 6
collision_mask = 6
script = ExtResource("2_5ownw")

[node name="CollisionShape3D" type="CollisionShape3D" parent="Sabai/Node/BOLVANSABAI/Verxa1/Torso/Area3D"]
transform = Transform3D(1, 0, 0, 0, 0.949666, 0.313263, 0, -0.313263, 0.949666, 0, 0.0580524, -0.0923357)
shape = SubResource("CapsuleShape3D_t77eu")

[node name="portal" parent="Sabai/Node" index="1"]
transform = Transform3D(0, 0, 0, 0, 0, 0, 0, 0, 0, 0, 0.65625, 0.625)

[node name="CollisionShape3D" type="CollisionShape3D" parent="."]
transform = Transform3D(1, 0, 0, 0, 1, 0, 0, 0, 1, 0, 0.591663, 0.0355517)
visible = false
shape = SubResource("CapsuleShape3D_ir4xo")

[editable path="Sabai"]
