[gd_scene load_steps=14 format=3 uid="uid://bnrravcee8jj4"]

[ext_resource type="PackedScene" uid="uid://8weoaa4dq1hn" path="res://Scenes/Characters/Drake/Drake_model.tscn" id="1_ngerc"]
[ext_resource type="Script" uid="uid://dhckurrw8y7r5" path="res://Scripts/Body_part.gd" id="2_08hit"]

[sub_resource type="CapsuleShape3D" id="CapsuleShape3D_ngerc"]
radius = 0.0651333
height = 0.380861

[sub_resource type="CapsuleShape3D" id="CapsuleShape3D_7u38y"]
radius = 0.0676171
height = 0.352415

[sub_resource type="CapsuleShape3D" id="CapsuleShape3D_aixvf"]
radius = 0.0687447
height = 0.381467

[sub_resource type="CapsuleShape3D" id="CapsuleShape3D_bfrwn"]
radius = 0.0623855
height = 0.293759

[sub_resource type="CapsuleShape3D" id="CapsuleShape3D_3dle1"]
radius = 0.0550235
height = 0.302964

[sub_resource type="CapsuleShape3D" id="CapsuleShape3D_dylup"]
radius = 0.0608845
height = 0.325764

[sub_resource type="CapsuleShape3D" id="CapsuleShape3D_u4wka"]
radius = 0.0684797
height = 0.305376

[sub_resource type="CapsuleShape3D" id="CapsuleShape3D_q3ajk"]
radius = 0.0612279
height = 0.279645

[sub_resource type="SphereShape3D" id="SphereShape3D_tc5p8"]
radius = 0.106257

[sub_resource type="CapsuleShape3D" id="CapsuleShape3D_tc5p8"]
radius = 0.133678
height = 0.404852

[sub_resource type="CapsuleShape3D" id="CapsuleShape3D_08hit"]
radius = 0.250031
height = 1.19135

[node name="CharacterBody3D" type="CharacterBody3D"]

[node name="Drake" parent="." instance=ExtResource("1_ngerc")]

[node name="jopa" parent="Drake/Node/Bolvan" index="0"]
transform = Transform3D(1, 0, 0, 0, 1, 0, 0, 0, 1, 0, 0.668638, 0.0234375)

[node name="cuboid" parent="Drake/Node/Bolvan/jopa" index="0"]
layers = 2

[node name="Legleft" parent="Drake/Node/Bolvan/jopa" index="3"]
transform = Transform3D(1, 0, 0, 0, 0.992546, -0.121869, 0, 0.121869, 0.992546, -0.0625, -0.034375, 0)

[node name="cuboid4" parent="Drake/Node/Bolvan/jopa/Legleft" index="1"]
layers = 2

[node name="cuboid5" parent="Drake/Node/Bolvan/jopa/Legleft" index="2"]
layers = 2

[node name="goleni" parent="Drake/Node/Bolvan/jopa/Legleft" index="3"]
transform = Transform3D(1, 0, 0, 0, 0.983255, 0.182235, 0, -0.182236, 0.983254, -0.0375, -0.273438, 0.0171875)

[node name="Area3D" type="Area3D" parent="Drake/Node/Bolvan/jopa/Legleft/goleni/LeftLegDown" index="0" groups=["body_part"]]
collision_layer = 6
collision_mask = 6
script = ExtResource("2_08hit")
damage_mult = 0.5

[node name="CollisionShape3D" type="CollisionShape3D" parent="Drake/Node/Bolvan/jopa/Legleft/goleni/LeftLegDown/Area3D"]
transform = Transform3D(1, 0, 0, 0, 1, 0, 0, 0, 1, 0, -0.179125, 0)
shape = SubResource("CapsuleShape3D_ngerc")

[node name="Area3D" type="Area3D" parent="Drake/Node/Bolvan/jopa/Legleft/LeftLegTop" index="0" groups=["body_part"]]
collision_layer = 6
collision_mask = 6
script = ExtResource("2_08hit")

[node name="CollisionShape3D" type="CollisionShape3D" parent="Drake/Node/Bolvan/jopa/Legleft/LeftLegTop/Area3D"]
transform = Transform3D(0.999202, 0.03994, 0, -0.03994, 0.999202, 0, 0, 0, 1, -0.0275271, -0.0987225, 0.0140129)
shape = SubResource("CapsuleShape3D_7u38y")

[node name="legright" parent="Drake/Node/Bolvan/jopa" index="4"]
transform = Transform3D(0.975038, -0.152486, -0.1614, 0.17963, 0.968987, 0.169695, 0.130519, -0.194452, 0.97219, 0.0625, -0.034375, 0)

[node name="stupna2" parent="Drake/Node/Bolvan/jopa/legright/goleni2" index="1"]
transform = Transform3D(0.891927, 0.0682591, -0.446997, -0.0862173, 0.996077, -0.0199291, 0.443883, 0.0563142, 0.894313, -0.00625, -0.309375, -0.03125)

[node name="Area3D" type="Area3D" parent="Drake/Node/Bolvan/jopa/legright/goleni2/RightLegDown" index="0" groups=["body_part"]]
collision_layer = 6
collision_mask = 6
script = ExtResource("2_08hit")
damage_mult = 0.5

[node name="CollisionShape3D" type="CollisionShape3D" parent="Drake/Node/Bolvan/jopa/legright/goleni2/RightLegDown/Area3D"]
transform = Transform3D(1, 0, 0, 0, 1, 0, 0, 0, 1, 0, -0.178936, 0)
shape = SubResource("CapsuleShape3D_aixvf")

[node name="tube" parent="Drake/Node/Bolvan/jopa/legright/pizdulina1" index="0"]
layers = 2

[node name="tube2" parent="Drake/Node/Bolvan/jopa/legright/pizdulina1" index="1"]
layers = 2

[node name="pizdulina" parent="Drake/Node/Bolvan/jopa/legright" index="5"]
transform = Transform3D(1, 0, 0, 0, 0.999656, -0.0261769, 0, 0.0261769, 0.999657, 0.05625, -0.05, 0.0875)

[node name="tube3" parent="Drake/Node/Bolvan/jopa/legright/pizdulina" index="0"]
layers = 2

[node name="Area3D" type="Area3D" parent="Drake/Node/Bolvan/jopa/legright/RightLegTop" index="0" groups=["body_part"]]
collision_layer = 6
collision_mask = 6
script = ExtResource("2_08hit")

[node name="CollisionShape3D" type="CollisionShape3D" parent="Drake/Node/Bolvan/jopa/legright/RightLegTop/Area3D"]
transform = Transform3D(0.999075, -0.0430091, 0, 0.0429747, 0.998275, 0.0400097, -0.00172078, -0.0399727, 0.999199, 0.0305794, -0.133247, 0.014773)
shape = SubResource("CapsuleShape3D_bfrwn")

[node name="odol1" parent="Drake/Node/Bolvan/jopa" index="5"]
transform = Transform3D(0.999848, -0.0174524, 0, 0.0174524, 0.999848, 0, 0, 0, 1, 0, 0.0171875, -0.0765625)

[node name="grudverx" parent="Drake/Node/Bolvan" index="1"]
transform = Transform3D(0.995396, 0, -0.0958458, 0, 1, 0, 0.0958458, 0, 0.995397, 0, 0.9702, 0.0234375)

[node name="cuboid9" parent="Drake/Node/Bolvan/grudverx" index="0"]
layers = 2

[node name="grudup" parent="Drake/Node/Bolvan/grudverx" index="1"]
layers = 2

[node name="cuboid10" parent="Drake/Node/Bolvan/grudverx" index="2"]
layers = 2

[node name="cuboid11" parent="Drake/Node/Bolvan/grudverx" index="3"]
layers = 2

[node name="cuboid12" parent="Drake/Node/Bolvan/grudverx" index="4"]
layers = 2

[node name="cuboid13" parent="Drake/Node/Bolvan/grudverx/Cherepnie" index="0"]
layers = 2

[node name="circle" parent="Drake/Node/Bolvan/grudverx/Cherepnie/glazch1" index="0"]
layers = 2

[node name="circle2" parent="Drake/Node/Bolvan/grudverx/Cherepnie/glazch1" index="1"]
layers = 2

[node name="cuboid14" parent="Drake/Node/Bolvan/grudverx/brons" index="0"]
layers = 2

[node name="cuboid15" parent="Drake/Node/Bolvan/grudverx/brons" index="1"]
layers = 2

[node name="cuboid16" parent="Drake/Node/Bolvan/grudverx/brons" index="2"]
layers = 2

[node name="cuboid17" parent="Drake/Node/Bolvan/grudverx/brons" index="3"]
layers = 2

[node name="cuboid18" parent="Drake/Node/Bolvan/grudverx/brons" index="4"]
layers = 2

[node name="cuboid19" parent="Drake/Node/Bolvan/grudverx/brons" index="5"]
layers = 2

[node name="cuboid20" parent="Drake/Node/Bolvan/grudverx/brons" index="6"]
layers = 2

[node name="cuboid21" parent="Drake/Node/Bolvan/grudverx/brons" index="7"]
layers = 2

[node name="cuboid22" parent="Drake/Node/Bolvan/grudverx/brons" index="8"]
layers = 2

[node name="cuboid23" parent="Drake/Node/Bolvan/grudverx/brons" index="9"]
layers = 2

[node name="cuboid24" parent="Drake/Node/Bolvan/grudverx/brons" index="10"]
layers = 2

[node name="leftarm" parent="Drake/Node/Bolvan/grudverx" index="7"]
transform = Transform3D(0.920044, 0.0252175, -0.391003, -0.281936, 0.735596, -0.615962, 0.272088, 0.67695, 0.68389, -0.135937, -0.034375, 0)

[node name="leftarmup" parent="Drake/Node/Bolvan/grudverx/leftarm" index="0"]
layers = 2

[node name="circle3" parent="Drake/Node/Bolvan/grudverx/leftarm/Glaz2l" index="0"]
layers = 2

[node name="circle4" parent="Drake/Node/Bolvan/grudverx/leftarm/glaz1l" index="0"]
layers = 2

[node name="cepka2" parent="Drake/Node/Bolvan/grudverx/leftarm/nizu/sword47" index="7"]
transform = Transform3D(0.906992, -0.34439, -0.242405, 0.418086, 0.805557, 0.419857, 0.0506764, -0.482154, 0.874619, 0, -0.134658, -0.00311625)

[node name="handown" parent="Drake/Node/Bolvan/grudverx/leftarm/nizu" index="2"]
transform = Transform3D(-1.49012e-07, 0.997564, -0.0697565, -0.296542, 0.0666188, 0.952694, 0.95502, 0.0206858, 0.295819, -0.0125, -0.160764, -0.00158312)

[node name="big" parent="Drake/Node/Bolvan/grudverx/leftarm/nizu/handown" index="1"]
transform = Transform3D(0.966086, -0.0979089, -0.238939, 0.00447777, 0.931541, -0.363609, 0.258182, 0.350207, 0.900387, -0.028125, 0.00142812, -0.01875)

[node name="ukazatel" parent="Drake/Node/Bolvan/grudverx/leftarm/nizu/handown" index="2"]
transform = Transform3D(1, 0, 0, 0, 0.956305, -0.292372, 0, 0.292372, 0.956305, -0.0171875, 0, -0.0421875)

[node name="2" parent="Drake/Node/Bolvan/grudverx/leftarm/nizu/handown/ukazatel" index="1"]
transform = Transform3D(1, 0, 0, 0, 1, 0, 0, 0, 1, 0, 0, -0.021875)

[node name="fucker1" parent="Drake/Node/Bolvan/grudverx/leftarm/nizu/handown" index="3"]
transform = Transform3D(1, 0, 0, 0, 1, 0, 0, 0, 1, -0.003125, 0.000874375, -0.0416256)

[node name="5" parent="Drake/Node/Bolvan/grudverx/leftarm/nizu/handown/fucker1" index="1"]
transform = Transform3D(1, 0, 0, 0, 0.962455, -0.27144, 0, 0.27144, 0.962455, 0.0009725, -0.00339375, -0.02657)

[node name="6" parent="Drake/Node/Bolvan/grudverx/leftarm/nizu/handown/fucker1/5" index="1"]
transform = Transform3D(1, 0, 0, 0, 1, 0, 0, 0, 1, 0.00059, 0.000956875, -0.0177419)

[node name="9" parent="Drake/Node/Bolvan/grudverx/leftarm/nizu/handown/nonamed1/8" index="1"]
transform = Transform3D(1, 0, 0, 0, 0.999999, 0, 0, 0, 0.999999, 0.003125, 0.0046875, -0.0234375)

[node name="smol" parent="Drake/Node/Bolvan/grudverx/leftarm/nizu/handown" index="5"]
transform = Transform3D(1, 0, 0, 0, 1, 0, 0, 0, 1, 0.025, 0, -0.0359375)

[node name="11" parent="Drake/Node/Bolvan/grudverx/leftarm/nizu/handown/smol" index="1"]
transform = Transform3D(1, 0, 0, 0, 1, 0, 0, 0, 1, 0.0015625, -0.003125, -0.0140625)

[node name="Area3D" type="Area3D" parent="Drake/Node/Bolvan/grudverx/leftarm/nizu/LeftArmDown" index="0" groups=["body_part"]]
collision_layer = 6
collision_mask = 6
script = ExtResource("2_08hit")

[node name="CollisionShape3D" type="CollisionShape3D" parent="Drake/Node/Bolvan/grudverx/leftarm/nizu/LeftArmDown/Area3D"]
transform = Transform3D(1, 0, 0, 0, 1, 0, 0, 0, 1, -0.00441623, -0.127568, 0)
shape = SubResource("CapsuleShape3D_3dle1")

[node name="Area3D" type="Area3D" parent="Drake/Node/Bolvan/grudverx/leftarm/LeftArmTop" index="0" groups=["body_part"]]
collision_layer = 6
collision_mask = 6
script = ExtResource("2_08hit")

[node name="CollisionShape3D" type="CollisionShape3D" parent="Drake/Node/Bolvan/grudverx/leftarm/LeftArmTop/Area3D"]
transform = Transform3D(0.979279, 0.202514, 0, -0.202514, 0.979279, 0, 0, 0, 1, -0.0302604, -0.0787104, 0)
shape = SubResource("CapsuleShape3D_dylup")

[node name="verx" parent="Drake/Node/Bolvan/grudverx/rightarm" index="3"]
transform = Transform3D(0.654307, 0.261399, 0.709615, 0.0212962, 0.931619, -0.362815, -0.755929, 0.252504, 0.603998, 0.04375, -0.2125, 0)

[node name="handown2" parent="Drake/Node/Bolvan/grudverx/rightarm/verx" index="1"]
transform = Transform3D(-0.1114, -0.757229, -0.643579, 0.0271555, -0.649688, 0.759716, -0.993405, 0.0671557, 0.0929383, 0.00687719, -0.170627, -0.000880505)

[node name="big2" parent="Drake/Node/Bolvan/grudverx/rightarm/verx/handown2" index="1"]
transform = Transform3D(0.501186, -0.859937, -0.0965501, 0.485922, 0.372001, -0.790882, 0.716025, 0.349464, 0.604303, 0.028125, 0.00142812, -0.01875)

[node name="konez2" parent="Drake/Node/Bolvan/grudverx/rightarm/verx/handown2/big2" index="1"]
transform = Transform3D(1, 0, 0, 0, 1, 0, 0, 0, 1, 0.0062075, 0.00258312, -0.0172275)

[node name="ukazatel2" parent="Drake/Node/Bolvan/grudverx/rightarm/verx/handown2" index="2"]
transform = Transform3D(0.981627, 3.72529e-09, -0.190809, 0.0525941, 0.961262, 0.270573, 0.183417, -0.275637, 0.943601, 0.0171875, 0, -0.0421875)

[node name="4" parent="Drake/Node/Bolvan/grudverx/rightarm/verx/handown2/ukazatel2" index="1"]
transform = Transform3D(1, 0, 0, 0, 0.951057, -0.309017, 0, 0.309017, 0.951057, 0, 0, -0.021875)

[node name="7" parent="Drake/Node/Bolvan/grudverx/rightarm/verx/handown2/ukazatel2/4" index="1"]
transform = Transform3D(1, 0, 0, 0, 0.994522, -0.104528, 0, 0.104528, 0.994522, 0, 0, -0.015625)

[node name="fucker2" parent="Drake/Node/Bolvan/grudverx/rightarm/verx/handown2" index="3"]
transform = Transform3D(0.999534, -0.0179501, 0.0247062, 0.0141011, 0.988889, 0.147984, -0.027088, -0.147566, 0.988681, 0.003125, 0.000874375, -0.0416256)

[node name="10" parent="Drake/Node/Bolvan/grudverx/rightarm/verx/handown2/fucker2" index="1"]
transform = Transform3D(1, 0, 0, 0, 1, 0, 0, 0, 1, -0.0009725, -0.00339375, -0.02657)

[node name="13" parent="Drake/Node/Bolvan/grudverx/rightarm/verx/handown2/fucker2/10" index="1"]
transform = Transform3D(1, 0, 0, 0, 0.97437, -0.224951, 0, 0.224951, 0.97437, -0.00059, 0.000956875, -0.0177419)

[node name="14" parent="Drake/Node/Bolvan/grudverx/rightarm/verx/handown2/nonamed2" index="0"]
transform = Transform3D(1, 0, 0, 0, 0.969231, 0.246153, 0, -0.246153, 0.969231, 0, -0.0015625, -0.0015625)

[node name="15" parent="Drake/Node/Bolvan/grudverx/rightarm/verx/handown2/nonamed2/14" index="1"]
transform = Transform3D(1, 0, 0, 0, 0.951056, -0.309017, 0, 0.309017, 0.951056, -0.003125, 0.0046875, -0.0234375)

[node name="konez3" parent="Drake/Node/Bolvan/grudverx/rightarm/verx/handown2/nonamed2/14/15" index="1"]
transform = Transform3D(1, 0, 0, 0, 0.999999, 0, 0, 0, 1, 0.0046875, -0.0046875, -0.015625)

[node name="smol2" parent="Drake/Node/Bolvan/grudverx/rightarm/verx/handown2" index="5"]
transform = Transform3D(0.932013, 0.00310554, 0.362411, 0.00333008, 0.999848, -0.0171317, -0.36241, 0.0171739, 0.93186, -0.025, 0, -0.0359375)

[node name="Area3D" type="Area3D" parent="Drake/Node/Bolvan/grudverx/rightarm/verx/RightArmDown" index="0" groups=["body_part"]]
collision_layer = 6
collision_mask = 6
script = ExtResource("2_08hit")

[node name="CollisionShape3D" type="CollisionShape3D" parent="Drake/Node/Bolvan/grudverx/rightarm/verx/RightArmDown/Area3D"]
transform = Transform3D(0.980458, 0.170503, -0.0981275, -0.171706, 0.98514, -0.00389177, 0.0960059, 0.0206647, 0.995166, -0.0179347, -0.107982, 0.00803024)
shape = SubResource("CapsuleShape3D_u4wka")

[node name="Area3D" type="Area3D" parent="Drake/Node/Bolvan/grudverx/rightarm/RightArmTop" index="0" groups=["body_part"]]
collision_layer = 6
collision_mask = 6
script = ExtResource("2_08hit")

[node name="CollisionShape3D" type="CollisionShape3D" parent="Drake/Node/Bolvan/grudverx/rightarm/RightArmTop/Area3D"]
transform = Transform3D(0.997873, 0.0651364, -0.00285121, -0.0650287, 0.991159, -0.115655, -0.00470741, 0.115595, 0.993286, 0.0621655, -0.0433598, 0.0123158)
shape = SubResource("CapsuleShape3D_q3ajk")

[node name="Golova2" parent="Drake/Node/Bolvan/grudverx" index="9"]
transform = Transform3D(0.991445, 0, 0.130526, 0, 1, 0, -0.130526, 0, 0.991445, 0, 0.065625, 0.00625)

[node name="head" parent="Drake/Node/Bolvan/grudverx/Golova2" index="0"]
layers = 2

[node name="plane" parent="Drake/Node/Bolvan/grudverx/Golova2/ZRACJP" index="0"]
layers = 2

[node name="cuboid25" parent="Drake/Node/Bolvan/grudverx/Golova2/glaznoe/EYE" index="0"]
layers = 2

[node name="cuboid26" parent="Drake/Node/Bolvan/grudverx/Golova2/glaznoe/EYE/tocha" index="0"]
layers = 2

[node name="cuboid27" parent="Drake/Node/Bolvan/grudverx/Golova2/glaznoe/resni" index="0"]
layers = 2

[node name="brov" parent="Drake/Node/Bolvan/grudverx/Golova2" index="3"]
transform = Transform3D(0.999999, 0, 0, 0, 0.999999, 0, 0, 0, 1, 0.0203125, 0.0625, -0.0625)

[node name="cuboid28" parent="Drake/Node/Bolvan/grudverx/Golova2/brov" index="0"]
layers = 2

[node name="cuboid29" parent="Drake/Node/Bolvan/grudverx/Golova2/bakenbards" index="0"]
layers = 2

[node name="pyramid" parent="Drake/Node/Bolvan/grudverx/Golova2/bakenbards" index="1"]
layers = 2

[node name="pyramid2" parent="Drake/Node/Bolvan/grudverx/Golova2/bakenbards" index="2"]
layers = 2

[node name="pyramid3" parent="Drake/Node/Bolvan/grudverx/Golova2/bakenbards" index="3"]
layers = 2

[node name="pyramid4" parent="Drake/Node/Bolvan/grudverx/Golova2/bakenbards" index="4"]
layers = 2

[node name="pyramid5" parent="Drake/Node/Bolvan/grudverx/Golova2/bakenbards" index="5"]
layers = 2

[node name="pyramid6" parent="Drake/Node/Bolvan/grudverx/Golova2/bakenbards" index="6"]
layers = 2

[node name="cuboid30" parent="Drake/Node/Bolvan/grudverx/Golova2/bakenbards" index="7"]
layers = 2

[node name="cuboid31" parent="Drake/Node/Bolvan/grudverx/Golova2/bakenbards" index="8"]
layers = 2

[node name="cuboid32" parent="Drake/Node/Bolvan/grudverx/Golova2/bakenbards" index="9"]
layers = 2

[node name="prisheska" parent="Drake/Node/Bolvan/grudverx/Golova2" index="5"]
transform = Transform3D(1, 0, 0, 0, 1, 0, 0, 0, 1, 0, 0.13125, -0.00625)

[node name="cuboid33" parent="Drake/Node/Bolvan/grudverx/Golova2/prisheska" index="0"]
layers = 2

[node name="cuboid34" parent="Drake/Node/Bolvan/grudverx/Golova2/prisheska" index="1"]
layers = 2

[node name="cuboid35" parent="Drake/Node/Bolvan/grudverx/Golova2/prisheska" index="2"]
layers = 2

[node name="cuboid36" parent="Drake/Node/Bolvan/grudverx/Golova2/prisheska" index="3"]
layers = 2

[node name="cuboid37" parent="Drake/Node/Bolvan/grudverx/Golova2/prisheska" index="4"]
layers = 2

[node name="cuboid38" parent="Drake/Node/Bolvan/grudverx/Golova2/prisheska" index="5"]
layers = 2

[node name="cuboid39" parent="Drake/Node/Bolvan/grudverx/Golova2/prisheska" index="6"]
layers = 2

[node name="cuboid40" parent="Drake/Node/Bolvan/grudverx/Golova2/prisheska" index="7"]
layers = 2

[node name="cuboid41" parent="Drake/Node/Bolvan/grudverx/Golova2/prisheska" index="8"]
layers = 2

[node name="cuboid42" parent="Drake/Node/Bolvan/grudverx/Golova2/prisheska" index="9"]
layers = 2

[node name="Area3D" type="Area3D" parent="Drake/Node/Bolvan/grudverx/Golova2/Head" index="0" groups=["body_part"]]
collision_layer = 6
collision_mask = 6
script = ExtResource("2_08hit")
damage_mult = 2.0

[node name="CollisionShape3D" type="CollisionShape3D" parent="Drake/Node/Bolvan/grudverx/Golova2/Head/Area3D"]
transform = Transform3D(1, 0, 0, 0, 1, 0, 0, 0, 1, -0.00516474, 0.0515555, 0)
shape = SubResource("SphereShape3D_tc5p8")

[node name="PlayerHead" type="Node3D" parent="Drake/Node/Bolvan/grudverx/Golova2" index="7"]
transform = Transform3D(0.977998, -0.192054, -0.0814534, 0.1754, 0.968396, -0.177327, 0.112936, 0.159139, 0.980776, -0.0489231, 0.00473762, 0.0417929)

[node name="Camera3D" type="Camera3D" parent="Drake/Node/Bolvan/grudverx/Golova2/PlayerHead"]
cull_mask = 1

[node name="Area3D" type="Area3D" parent="Drake/Node/Bolvan/grudverx/Torso" index="0" groups=["body_part"]]
collision_layer = 6
collision_mask = 6
script = ExtResource("2_08hit")

[node name="CollisionShape3D" type="CollisionShape3D" parent="Drake/Node/Bolvan/grudverx/Torso/Area3D"]
transform = Transform3D(1, 0, 0, 0, 1, 0, 0, 0, 1, 0, -0.136281, 0)
shape = SubResource("CapsuleShape3D_tc5p8")

[node name="plane3" parent="Drake/Node/shiftef" index="0"]
layers = 2

[node name="CollisionShape3D" type="CollisionShape3D" parent="."]
transform = Transform3D(1, 0, 0, 0, 1, 0, 0, 0, 1, 0, 0.601076, 0)
visible = false
shape = SubResource("CapsuleShape3D_08hit")

[editable path="Drake"]
