[gd_scene load_steps=6 format=3 uid="uid://cfw5yx70ym6ef"]

[ext_resource type="PackedScene" uid="uid://p3pf0rkyxhnj" path="res://Scenes/Characters/Drake/Drake.glb" id="1_17dl3"]

[sub_resource type="CapsuleShape3D" id="CapsuleShape3D_17dl3"]
radius = 0.07763672
height = 0.42328644

[sub_resource type="CapsuleShape3D" id="CapsuleShape3D_21dsc"]
radius = 0.06201172
height = 0.2857666

[sub_resource type="SphereShape3D" id="SphereShape3D_h3tfu"]
radius = 0.11177226

[sub_resource type="CapsuleShape3D" id="CapsuleShape3D_qcoc2"]
radius = 0.1352539
height = 0.36252213

[node name="Drake" instance=ExtResource("1_17dl3")]

[node name="Bolvan" parent="." index="0"]
transform = Transform3D(0.99904823, 0.043619383, 0, -0.043619383, 0.99904823, 0, 0, 0, 1, 0, 0, 0)

[node name="leftleg" parent="Bolvan/jopa" index="3"]
transform = Transform3D(1, 0, 0, 0, 0.99254614, -0.12186935, 0, 0.12186935, 0.99254614, -0.0625, -0.034375, 0)

[node name="leftleg2" parent="Bolvan/jopa/leftleg" index="3"]
transform = Transform3D(1, 0, 0, 0, 0.9832549, 0.18223551, 0, -0.18223551, 0.9832549, -0.0375, -0.2734375, 0.0171875)

[node name="stupna" parent="Bolvan/jopa/leftleg/leftleg2" index="1"]
transform = Transform3D(1, 0, 0, 0, 0.9983917, -0.056692787, 0, 0.056692787, 0.9983917, 0.00625, -0.296875, -0.03125)

[node name="LeftLegDown" type="Area3D" parent="Bolvan/jopa/leftleg/leftleg2" index="2"]
collision_layer = 2
collision_mask = 2

[node name="CollisionShape3D" type="CollisionShape3D" parent="Bolvan/jopa/leftleg/leftleg2/LeftLegDown" index="0"]
transform = Transform3D(1, 0, 0, 0, 1, 0, 0, 0, 1, 0.0062595904, -0.1508083, 0.0108753145)
shape = SubResource("CapsuleShape3D_17dl3")

[node name="LeftLegUp" type="Area3D" parent="Bolvan/jopa/leftleg" index="4"]
collision_layer = 2
collision_mask = 2

[node name="CollisionShape3D" type="CollisionShape3D" parent="Bolvan/jopa/leftleg/LeftLegUp" index="0"]
transform = Transform3D(1, 0, 0, 0, 1, 0, 0, 0, 1, -0.031188488, -0.10534191, 0.0108753145)
shape = SubResource("CapsuleShape3D_17dl3")

[node name="rightleg" parent="Bolvan/jopa" index="4"]
transform = Transform3D(0.9750374, -0.15248594, -0.16140035, 0.17962988, 0.9689874, 0.16969533, 0.13051875, -0.19445163, 0.97219, 0.0625, -0.034375, 0)

[node name="rightleg2" parent="Bolvan/jopa/rightleg" index="3"]
transform = Transform3D(1, 0, 0, 0, 1, 0, 0, 0, 1, 0.0375, -0.2796875, 0.0171875)

[node name="stupna2" parent="Bolvan/jopa/rightleg/rightleg2" index="1"]
transform = Transform3D(0.8919274, 0.06825916, -0.4469969, -0.08621738, 0.996077, -0.019929152, 0.44388297, 0.05631426, 0.8943135, -0.00625, -0.309375, -0.03125)

[node name="RightLegDown" type="Area3D" parent="Bolvan/jopa/rightleg/rightleg2" index="2"]
collision_layer = 2
collision_mask = 2

[node name="CollisionShape3D" type="CollisionShape3D" parent="Bolvan/jopa/rightleg/rightleg2/RightLegDown" index="0"]
transform = Transform3D(1, 0, 0, 0, 1, 0, 0, 0, 1, -0.00044977665, -0.15725872, -0.028413415)
shape = SubResource("CapsuleShape3D_17dl3")

[node name="pizdulina" parent="Bolvan/jopa/rightleg" index="5"]
transform = Transform3D(1, 0, 0, 0, 0.99965733, -0.026176948, 0, 0.026176948, 0.99965733, 0.05625, -0.05, 0.0875)

[node name="RightLegUp" type="Area3D" parent="Bolvan/jopa/rightleg" index="6"]
collision_layer = 2
collision_mask = 2

[node name="CollisionShape3D" type="CollisionShape3D" parent="Bolvan/jopa/rightleg/RightLegUp" index="0"]
transform = Transform3D(1, 0, 0, 0, 1, 0, 0, 0, 1, 0.029732704, -0.10534191, 0.0108753145)
shape = SubResource("CapsuleShape3D_17dl3")

[node name="odol1" parent="Bolvan/jopa" index="5"]
transform = Transform3D(0.9998477, -0.017452404, 0, 0.017452406, 0.99984765, 0, 0, 0, 1, 0, 0.0171875, -0.0765625)

[node name="grudverx" parent="Bolvan" index="1"]
transform = Transform3D(0.9953962, 0, -0.09584577, 0, 1, 0, 0.09584577, 0, 0.9953962, 0, 0.9702, 0.0234375)

[node name="glazch1" parent="Bolvan/grudverx/Cherepnie" index="1"]
transform = Transform3D(0, 0, 0, 0, 0, 0, 0, 0, 0, 0, 0, 0)

[node name="leftarm" parent="Bolvan/grudverx" index="7"]
transform = Transform3D(0.9200437, 0.025217474, -0.3910035, -0.28193596, 0.73559654, -0.61596256, 0.27208775, 0.6769504, 0.6838907, -0.1359375, -0.034375, 0)

[node name="Glaz2l" parent="Bolvan/grudverx/leftarm" index="1"]
transform = Transform3D(0, 0, 0, 0, 0, 0, 0, 0, 0, 0, 0, 0)

[node name="glaz1l" parent="Bolvan/grudverx/leftarm" index="2"]
transform = Transform3D(0, 0, 0, 0, 0, 0, 0, 0, 0, 0, 0, 0)

[node name="leftarm2" parent="Bolvan/grudverx/leftarm" index="3"]
transform = Transform3D(0.96827024, -0.20996793, -0.13552186, 0.17123176, 0.9524086, -0.25218552, 0.18202306, 0.22097811, 0.9581421, -0.04375, -0.2, 0)

[node name="weapon51" parent="Bolvan/grudverx/leftarm/leftarm2" index="1"]
transform = Transform3D(0.0063520367, 0.9584229, 0.2852805, 0.73326397, -0.19843836, 0.65034306, 0.6799143, 0.20505492, -0.70403755, 0.15671486, -0.22403058, 0.035390988)

[node name="pechati3" parent="Bolvan/grudverx/leftarm/leftarm2/weapon51" index="4"]
transform = Transform3D(-0.99904835, 0.043619294, 0, -0.043619294, -0.99904835, 0, 0, 0, 1, -0.060469374, 0.95611185, 0.16168062)

[node name="skull dragon1" parent="Bolvan/grudverx/leftarm/leftarm2/weapon51" index="6"]
transform = Transform3D(1, 0, 0, 0, -0.043619424, -0.99904823, 0, 0.99904823, -0.043619424, 0, 0.6109375, 0.11875)

[node name="glaz3" parent="Bolvan/grudverx/leftarm/leftarm2/weapon51/skull dragon1" index="7"]
transform = Transform3D(0, 0, 0, 0, 0, 0, 0, 0, 0, 0.0625, 0.03221625, -0.121834375)

[node name="glaz4" parent="Bolvan/grudverx/leftarm/leftarm2/weapon51/skull dragon1" index="8"]
transform = Transform3D(0, 0, 0, 0, 0, 0, 0, 0, 0, -0.0609375, 0.02298625, -0.11830313)

[node name="cepka2" parent="Bolvan/grudverx/leftarm/leftarm2/weapon51" index="7"]
transform = Transform3D(0.90699255, -0.34438992, -0.24240483, 0.41808665, 0.80555767, 0.4198575, 0.050676376, -0.4821538, 0.87461966, 0, -0.13465813, -0.00311625)

[node name="effects" parent="Bolvan/grudverx/leftarm/leftarm2/weapon51" index="9"]
transform = Transform3D(0, 0, 0, 0, 0, 0, 0, 0, 0, 0, 0.75, 0.4375)

[node name="lefthand16" parent="Bolvan/grudverx/leftarm/leftarm2" index="2"]
transform = Transform3D(-1.4901161e-07, 0.99756414, -0.06975647, -0.29654154, 0.066618785, 0.9526936, 0.95501995, 0.020685809, 0.2958192, -0.0125, -0.16076376, -0.001583125)

[node name="big" parent="Bolvan/grudverx/leftarm/leftarm2/lefthand16" index="1"]
transform = Transform3D(0.96608585, -0.09790889, -0.23893882, 0.0044777724, 0.9315409, -0.3636087, 0.2581818, 0.35020733, 0.900387, -0.028125, 0.001428125, -0.01875)

[node name="ukazatel" parent="Bolvan/grudverx/leftarm/leftarm2/lefthand16" index="2"]
transform = Transform3D(1, 0, 0, 0, 0.9563047, -0.29237172, 0, 0.29237172, 0.9563047, -0.0171875, 0, -0.0421875)

[node name="5" parent="Bolvan/grudverx/leftarm/leftarm2/lefthand16/fucker1" index="1"]
transform = Transform3D(1, 0, 0, 0, 0.96245515, -0.27144045, 0, 0.27144045, 0.96245515, 0.0009725, -0.00339375, -0.02657)

[node name="LeftArmDown" type="Area3D" parent="Bolvan/grudverx/leftarm/leftarm2" index="3"]
collision_layer = 2
collision_mask = 2

[node name="CollisionShape3D" type="CollisionShape3D" parent="Bolvan/grudverx/leftarm/leftarm2/LeftArmDown" index="0"]
transform = Transform3D(1, 0, 0, 0, 1, 0, 0, 0, 1, -0.0047284067, -0.12091875, 0)
shape = SubResource("CapsuleShape3D_21dsc")

[node name="LeftArmUp" type="Area3D" parent="Bolvan/grudverx/leftarm" index="4"]
collision_layer = 2
collision_mask = 2

[node name="CollisionShape3D" type="CollisionShape3D" parent="Bolvan/grudverx/leftarm/LeftArmUp" index="0"]
transform = Transform3D(1, 0, 0, 0, 1, 0, 0, 0, 1, -0.043749377, -0.043333948, 0)
shape = SubResource("CapsuleShape3D_21dsc")

[node name="rightarm" parent="Bolvan/grudverx" index="8"]
transform = Transform3D(0.92243886, 0.0067852587, 0.38608357, 0.38286063, 0.11402167, -0.9167425, -0.0502422, 0.99345505, 0.10258022, 0.1359375, -0.034375, 0)

[node name="Glaz1r" parent="Bolvan/grudverx/rightarm" index="1"]
transform = Transform3D(0, 0, 0, 0, 0, 0, 0, 0, 0, 0, 0, 0)

[node name="Glaz2r" parent="Bolvan/grudverx/rightarm" index="2"]
transform = Transform3D(0, 0, 0, 0, 0, 0, 0, 0, 0, 0, 0, 0)

[node name="rightarm2" parent="Bolvan/grudverx/rightarm" index="3"]
transform = Transform3D(0.6543071, 0.26139927, 0.7096144, 0.02129618, 0.931618, -0.36281464, -0.755929, 0.25250426, 0.60399747, 0.04375, -0.2125, 0)

[node name="righthand16" parent="Bolvan/grudverx/rightarm/rightarm2" index="1"]
transform = Transform3D(-0.11140013, -0.75722903, -0.64357936, 0.02715552, -0.64968807, 0.7597158, -0.9934045, 0.0671557, 0.09293826, 0.006877187, -0.17062694, -0.00088050484)

[node name="big2" parent="Bolvan/grudverx/rightarm/rightarm2/righthand16" index="1"]
transform = Transform3D(0.50118595, -0.8599365, -0.09655021, 0.4859218, 0.37200084, -0.7908827, 0.71602565, 0.34946346, 0.6043034, 0.028125, 0.001428125, -0.01875)

[node name="ukazatel2" parent="Bolvan/grudverx/rightarm/rightarm2/righthand16" index="2"]
transform = Transform3D(0.98162717, 3.7252903e-09, -0.19080903, 0.052594088, 0.9612617, 0.2705731, 0.1834174, -0.27563736, 0.9436006, 0.0171875, 0, -0.0421875)

[node name="4" parent="Bolvan/grudverx/rightarm/rightarm2/righthand16/ukazatel2" index="1"]
transform = Transform3D(1, 0, 0, 0, 0.95105654, -0.309017, 0, 0.309017, 0.95105654, 0, 0, -0.021875)

[node name="7" parent="Bolvan/grudverx/rightarm/rightarm2/righthand16/ukazatel2/4" index="1"]
transform = Transform3D(1, 0, 0, 0, 0.9945219, -0.10452845, 0, 0.10452845, 0.9945219, 0, 0, -0.015625)

[node name="fucker2" parent="Bolvan/grudverx/rightarm/rightarm2/righthand16" index="3"]
transform = Transform3D(0.9995336, -0.017950084, 0.024706177, 0.014101114, 0.9888893, 0.14798364, -0.027087992, -0.14756623, 0.9886812, 0.003125, 0.000874375, -0.041625626)

[node name="13" parent="Bolvan/grudverx/rightarm/rightarm2/righthand16/fucker2/10" index="1"]
transform = Transform3D(1, 0, 0, 0, 0.97437006, -0.22495106, 0, 0.22495106, 0.97437006, -0.00059, 0.000956875, -0.017741876)

[node name="14" parent="Bolvan/grudverx/rightarm/rightarm2/righthand16/nonamed2" index="0"]
transform = Transform3D(1, 0, 0, 0, 0.9692309, 0.2461533, 0, -0.2461533, 0.9692309, 0, -0.0015625, -0.0015625)

[node name="15" parent="Bolvan/grudverx/rightarm/rightarm2/righthand16/nonamed2/14" index="1"]
transform = Transform3D(1, 0, 0, 0, 0.95105654, -0.309017, 0, 0.309017, 0.95105654, -0.003125, 0.0046875, -0.0234375)

[node name="smol2" parent="Bolvan/grudverx/rightarm/rightarm2/righthand16" index="5"]
transform = Transform3D(0.932013, 0.0031055426, 0.36241144, 0.0033300759, 0.9998477, -0.017131755, -0.36240944, 0.017173877, 0.93186074, -0.025, 0, -0.0359375)

[node name="17" parent="Bolvan/grudverx/rightarm/rightarm2/righthand16/smol2/16" index="1"]
transform = Transform3D(1, 0, 0, 0, 0.9702957, -0.24192189, 0, 0.24192189, 0.9702957, -0.0015625, 0, -0.0171875)

[node name="Area3D" type="Area3D" parent="Bolvan/grudverx/rightarm/rightarm2" index="2"]
collision_layer = 2
collision_mask = 2

[node name="CollisionShape3D" type="CollisionShape3D" parent="Bolvan/grudverx/rightarm/rightarm2/Area3D" index="0"]
transform = Transform3D(1, 0, 0, 0, 1, 0, 0, 0, 1, 0.01895617, -0.12714827, 0.0014472827)
shape = SubResource("CapsuleShape3D_21dsc")

[node name="Area3D" type="Area3D" parent="Bolvan/grudverx/rightarm" index="4"]
collision_layer = 2
collision_mask = 2

[node name="CollisionShape3D" type="CollisionShape3D" parent="Bolvan/grudverx/rightarm/Area3D" index="0"]
transform = Transform3D(1, 0, 0, 0, 1, 0, 0, 0, 1, 0.04043065, -0.048879087, 0.0074276105)
shape = SubResource("CapsuleShape3D_21dsc")

[node name="head2" parent="Bolvan/grudverx" index="9"]
transform = Transform3D(0.9914448, 0, 0.13052617, 0, 1, 0, -0.13052617, 0, 0.9914448, 0, 0.065625, 0.00625)

[node name="Head" type="Area3D" parent="Bolvan/grudverx/head2" index="6"]
collision_layer = 2
collision_mask = 2

[node name="CollisionShape3D" type="CollisionShape3D" parent="Bolvan/grudverx/head2/Head" index="0"]
transform = Transform3D(1, 0, 0, 0, 1, 0, 0, 0, 1, 0, 0.0490669, -0.010382652)
shape = SubResource("SphereShape3D_h3tfu")

[node name="Torso" type="Area3D" parent="Bolvan/grudverx" index="10"]
collision_layer = 2
collision_mask = 2

[node name="CollisionShape3D" type="CollisionShape3D" parent="Bolvan/grudverx/Torso" index="0"]
transform = Transform3D(1, 0, 0, 0, 1, 0, 0, 0, 1, 0.0058136284, -0.13572407, -0.00022664666)
shape = SubResource("CapsuleShape3D_qcoc2")

[node name="effect" parent="Bolvan" index="2"]
transform = Transform3D(0, 0, 0, 0, 0, 0, 0, 0, 0, -0.00214375, 1.3187331, -0.008421875)

[node name="shiftef" parent="Bolvan" index="3"]
transform = Transform3D(0, 0, 0, 0, 0, 0, 0, 0, 0, 0, 0.8375, 0.48125)
