[gd_scene load_steps=2 format=3 uid="uid://8weoaa4dq1hn"]

[ext_resource type="PackedScene" uid="uid://i8voqwyhg3tk" path="res://Scenes/Characters/Drake/Drake.glb" id="1_17dl3"]

[node name="Drake" instance=ExtResource("1_17dl3")]

[node name="Bolvan" parent="Node" index="0"]
transform = Transform3D(0.999048, 0.0436194, 0, -0.0436194, 0.999048, 0, 0, 0, 1, 0, 0, 0)

[node name="Legleft" parent="Node/Bolvan/jopa" index="3"]
transform = Transform3D(1, 0, 0, 0, 0.992546, -0.121869, 0, 0.121869, 0.992546, -0.0625, -0.034375, 0)

[node name="goleni" parent="Node/Bolvan/jopa/Legleft" index="3"]
transform = Transform3D(1, 0, 0, 0, 0.983255, 0.182236, 0, -0.182236, 0.983255, -0.0375, -0.273438, 0.0171875)

[node name="stupna" parent="Node/Bolvan/jopa/Legleft/goleni" index="1"]
transform = Transform3D(1, 0, 0, 0, 0.998392, -0.0566928, 0, 0.0566928, 0.998392, 0.00625, -0.296875, -0.03125)

[node name="LeftLegDown" type="Marker3D" parent="Node/Bolvan/jopa/Legleft/goleni" index="2"]

[node name="LeftLegTop" type="Marker3D" parent="Node/Bolvan/jopa/Legleft" index="4"]

[node name="legright" parent="Node/Bolvan/jopa" index="4"]
transform = Transform3D(0.975038, -0.152486, -0.1614, 0.17963, 0.968987, 0.169695, 0.130519, -0.194452, 0.97219, 0.0625, -0.034375, 0)

[node name="goleni2" parent="Node/Bolvan/jopa/legright" index="3"]
transform = Transform3D(1, 0, 0, 0, 1, 0, 0, 0, 1, 0.0375, -0.279687, 0.0171875)

[node name="stupna2" parent="Node/Bolvan/jopa/legright/goleni2" index="1"]
transform = Transform3D(0.891927, 0.0682592, -0.446997, -0.0862174, 0.996077, -0.0199292, 0.443883, 0.0563143, 0.894314, -0.00625, -0.309375, -0.03125)

[node name="RightLegDown" type="Marker3D" parent="Node/Bolvan/jopa/legright/goleni2" index="2"]

[node name="pizdulina" parent="Node/Bolvan/jopa/legright" index="5"]
transform = Transform3D(1, 0, 0, 0, 0.999657, -0.0261769, 0, 0.0261769, 0.999657, 0.05625, -0.05, 0.0875)

[node name="RightLegTop" type="Marker3D" parent="Node/Bolvan/jopa/legright" index="6"]

[node name="odol1" parent="Node/Bolvan/jopa" index="5"]
transform = Transform3D(0.999848, -0.0174524, 0, 0.0174524, 0.999848, 0, 0, 0, 1, 0, 0.0171875, -0.0765625)

[node name="grudverx" parent="Node/Bolvan" index="1"]
transform = Transform3D(0.995396, 0, -0.0958458, 0, 1, 0, 0.0958458, 0, 0.995396, 0, 0.9702, 0.0234375)

[node name="glazch1" parent="Node/Bolvan/grudverx/Cherepnie" index="1"]
transform = Transform3D(0, 0, 0, 0, 0, 0, 0, 0, 0, 0, 0, 0)

[node name="leftarm" parent="Node/Bolvan/grudverx" index="7"]
transform = Transform3D(0.920043, 0.0252175, -0.391003, -0.281936, 0.735596, -0.615963, 0.272088, 0.67695, 0.683891, -0.135937, -0.034375, 0)

[node name="Glaz2l" parent="Node/Bolvan/grudverx/leftarm" index="1"]
transform = Transform3D(0, 0, 0, 0, 0, 0, 0, 0, 0, 0, 0, 0)

[node name="glaz1l" parent="Node/Bolvan/grudverx/leftarm" index="2"]
transform = Transform3D(0, 0, 0, 0, 0, 0, 0, 0, 0, 0, 0, 0)

[node name="nizu" parent="Node/Bolvan/grudverx/leftarm" index="3"]
transform = Transform3D(0.96827, -0.209968, -0.135522, 0.171232, 0.952409, -0.252186, 0.182023, 0.220978, 0.958142, -0.04375, -0.2, 0)

[node name="sword47" parent="Node/Bolvan/grudverx/leftarm/nizu" index="1"]
transform = Transform3D(0.00635204, 0.958423, 0.28528, 0.733264, -0.198438, 0.650343, 0.679914, 0.205055, -0.704038, 0.156715, -0.224031, 0.035391)

[node name="pechati3" parent="Node/Bolvan/grudverx/leftarm/nizu/sword47" index="4"]
transform = Transform3D(-0.999048, 0.0436193, 0, -0.0436193, -0.999048, 0, 0, 0, 1, -0.0604694, 0.956112, 0.161681)

[node name="skull dragon1" parent="Node/Bolvan/grudverx/leftarm/nizu/sword47" index="6"]
transform = Transform3D(1, 0, 0, 0, -0.0436194, -0.999048, 0, 0.999048, -0.0436194, 0, 0.610937, 0.11875)

[node name="glaz3" parent="Node/Bolvan/grudverx/leftarm/nizu/sword47/skull dragon1" index="7"]
transform = Transform3D(0, 0, 0, 0, 0, 0, 0, 0, 0, 0.0625, 0.0322163, -0.121834)

[node name="glaz4" parent="Node/Bolvan/grudverx/leftarm/nizu/sword47/skull dragon1" index="8"]
transform = Transform3D(0, 0, 0, 0, 0, 0, 0, 0, 0, -0.0609375, 0.0229862, -0.118303)

[node name="cepka2" parent="Node/Bolvan/grudverx/leftarm/nizu/sword47" index="7"]
transform = Transform3D(0.906993, -0.34439, -0.242405, 0.418087, 0.805558, 0.419858, 0.0506764, -0.482154, 0.87462, 0, -0.134658, -0.00311625)

[node name="effects" parent="Node/Bolvan/grudverx/leftarm/nizu/sword47" index="9"]
transform = Transform3D(0, 0, 0, 0, 0, 0, 0, 0, 0, 0, 0.75, 0.4375)

[node name="handown" parent="Node/Bolvan/grudverx/leftarm/nizu" index="2"]
transform = Transform3D(-1.49012e-07, 0.997564, -0.0697565, -0.296541, 0.0666188, 0.952693, 0.95502, 0.0206858, 0.295819, -0.0125, -0.160764, -0.00158312)

[node name="big" parent="Node/Bolvan/grudverx/leftarm/nizu/handown" index="1"]
transform = Transform3D(0.966086, -0.0979089, -0.238939, 0.00447777, 0.931541, -0.363609, 0.258182, 0.350207, 0.900387, -0.028125, 0.00142812, -0.01875)

[node name="ukazatel" parent="Node/Bolvan/grudverx/leftarm/nizu/handown" index="2"]
transform = Transform3D(1, 0, 0, 0, 0.956305, -0.292372, 0, 0.292372, 0.956305, -0.0171875, 0, -0.0421875)

[node name="5" parent="Node/Bolvan/grudverx/leftarm/nizu/handown/fucker1" index="1"]
transform = Transform3D(1, 0, 0, 0, 0.962455, -0.27144, 0, 0.27144, 0.962455, 0.0009725, -0.00339375, -0.02657)

[node name="LeftArmDown" type="Marker3D" parent="Node/Bolvan/grudverx/leftarm/nizu" index="3"]

[node name="LeftArmTop" type="Marker3D" parent="Node/Bolvan/grudverx/leftarm" index="4"]

[node name="rightarm" parent="Node/Bolvan/grudverx" index="8"]
transform = Transform3D(0.922439, 0.00678526, 0.386084, 0.382861, 0.114022, -0.916743, -0.0502422, 0.993455, 0.10258, 0.135937, -0.034375, 0)

[node name="Glaz1r" parent="Node/Bolvan/grudverx/rightarm" index="1"]
transform = Transform3D(0, 0, 0, 0, 0, 0, 0, 0, 0, 0, 0, 0)

[node name="Glaz2r" parent="Node/Bolvan/grudverx/rightarm" index="2"]
transform = Transform3D(0, 0, 0, 0, 0, 0, 0, 0, 0, 0, 0, 0)

[node name="verx" parent="Node/Bolvan/grudverx/rightarm" index="3"]
transform = Transform3D(0.654307, 0.261399, 0.709615, 0.0212962, 0.931618, -0.362815, -0.755929, 0.252504, 0.603998, 0.04375, -0.2125, 0)

[node name="handown2" parent="Node/Bolvan/grudverx/rightarm/verx" index="1"]
transform = Transform3D(-0.1114, -0.757229, -0.643579, 0.0271555, -0.649688, 0.759715, -0.993404, 0.0671557, 0.0929382, 0.00687719, -0.170627, -0.000880505)

[node name="big2" parent="Node/Bolvan/grudverx/rightarm/verx/handown2" index="1"]
transform = Transform3D(0.501186, -0.859936, -0.0965502, 0.485922, 0.372001, -0.790882, 0.716026, 0.349463, 0.604303, 0.028125, 0.00142812, -0.01875)

[node name="ukazatel2" parent="Node/Bolvan/grudverx/rightarm/verx/handown2" index="2"]
transform = Transform3D(0.981627, 3.72529e-09, -0.190809, 0.0525941, 0.961262, 0.270573, 0.183417, -0.275637, 0.943601, 0.0171875, 0, -0.0421875)

[node name="4" parent="Node/Bolvan/grudverx/rightarm/verx/handown2/ukazatel2" index="1"]
transform = Transform3D(1, 0, 0, 0, 0.951057, -0.309017, 0, 0.309017, 0.951057, 0, 0, -0.021875)

[node name="7" parent="Node/Bolvan/grudverx/rightarm/verx/handown2/ukazatel2/4" index="1"]
transform = Transform3D(1, 0, 0, 0, 0.994522, -0.104528, 0, 0.104528, 0.994522, 0, 0, -0.015625)

[node name="fucker2" parent="Node/Bolvan/grudverx/rightarm/verx/handown2" index="3"]
transform = Transform3D(0.999534, -0.0179501, 0.0247062, 0.0141011, 0.988889, 0.147984, -0.027088, -0.147566, 0.988681, 0.003125, 0.000874375, -0.0416256)

[node name="13" parent="Node/Bolvan/grudverx/rightarm/verx/handown2/fucker2/10" index="1"]
transform = Transform3D(1, 0, 0, 0, 0.97437, -0.224951, 0, 0.224951, 0.97437, -0.00059, 0.000956875, -0.0177419)

[node name="14" parent="Node/Bolvan/grudverx/rightarm/verx/handown2/nonamed2" index="0"]
transform = Transform3D(1, 0, 0, 0, 0.969231, 0.246153, 0, -0.246153, 0.969231, 0, -0.0015625, -0.0015625)

[node name="15" parent="Node/Bolvan/grudverx/rightarm/verx/handown2/nonamed2/14" index="1"]
transform = Transform3D(1, 0, 0, 0, 0.951057, -0.309017, 0, 0.309017, 0.951057, -0.003125, 0.0046875, -0.0234375)

[node name="smol2" parent="Node/Bolvan/grudverx/rightarm/verx/handown2" index="5"]
transform = Transform3D(0.932013, 0.00310554, 0.362411, 0.00333008, 0.999848, -0.0171318, -0.362409, 0.0171739, 0.931861, -0.025, 0, -0.0359375)

[node name="17" parent="Node/Bolvan/grudverx/rightarm/verx/handown2/smol2/16" index="1"]
transform = Transform3D(1, 0, 0, 0, 0.970296, -0.241922, 0, 0.241922, 0.970296, -0.0015625, 0, -0.0171875)

[node name="RightArmDown" type="Marker3D" parent="Node/Bolvan/grudverx/rightarm/verx" index="2"]

[node name="RightArmTop" type="Marker3D" parent="Node/Bolvan/grudverx/rightarm" index="4"]

[node name="Golova2" parent="Node/Bolvan/grudverx" index="9"]
transform = Transform3D(0.991444, 0, 0.130526, 0, 1, 0, -0.130526, 0, 0.991445, 0, 0.065625, 0.00625)

[node name="Head" type="Marker3D" parent="Node/Bolvan/grudverx/Golova2" index="6"]

[node name="Torso" type="Marker3D" parent="Node/Bolvan/grudverx" index="10"]

[node name="effect" parent="Node/Bolvan" index="2"]
transform = Transform3D(0, 0, 0, 0, 0, 0, 0, 0, 0, -0.00214375, 1.31873, -0.00842187)

[node name="shiftef" parent="Node" index="1"]
transform = Transform3D(0, 0, 0, 0, 0, 0, 0, 0, 0, 0, 0.8375, 0.48125)
