[gd_scene load_steps=2 format=3 uid="uid://8weoaa4dq1hn"]

[ext_resource type="PackedScene" uid="uid://i8voqwyhg3tk" path="res://Scenes/Characters/Drake/Drake.glb" id="1_17dl3"]

[node name="Drake" instance=ExtResource("1_17dl3")]

[node name="Bolvan" parent="Node" index="0"]
transform = Transform3D(0.999048, 0.0436194, 0, -0.0436194, 0.999048, 0, 0, 0, 1, 0, 0, 0)

[node name="odol1" parent="Node/Bolvan/jopa" index="5"]
transform = Transform3D(0.999848, -0.0174524, 0, 0.0174524, 0.999848, 0, 0, 0, 1, 0, 0.0171875, -0.0765625)

[node name="grudverx" parent="Node/Bolvan" index="1"]
transform = Transform3D(0.995396, 0, -0.0958458, 0, 1, 0, 0.0958458, 0, 0.995396, 0, 0.9702, 0.0234375)

[node name="glazch1" parent="Node/Bolvan/grudverx/Cherepnie" index="1"]
transform = Transform3D(0, 0, 0, 0, 0, 0, 0, 0, 0, 0, 0, 0)

[node name="leftarm" parent="Node/Bolvan/grudverx" index="7"]
transform = Transform3D(0.920043, 0.0252175, -0.391003, -0.281936, 0.735596, -0.615963, 0.272088, 0.67695, 0.683891, -0.135937, -0.034375, 0)

[node name="Glaz2l" parent="Node/Bolvan/grudverx/leftarm" index="1"]
transform = Transform3D(0, 0, 0, 0, 0, 0, 0, 0, 0, 0, 0, 0)

[node name="glaz1l" parent="Node/Bolvan/grudverx/leftarm" index="2"]
transform = Transform3D(0, 0, 0, 0, 0, 0, 0, 0, 0, 0, 0, 0)

[node name="LeftArmTop" type="Marker3D" parent="Node/Bolvan/grudverx/leftarm" index="4"]

[node name="rightarm" parent="Node/Bolvan/grudverx" index="8"]
transform = Transform3D(0.922439, 0.00678526, 0.386084, 0.382861, 0.114022, -0.916743, -0.0502422, 0.993455, 0.10258, 0.135937, -0.034375, 0)

[node name="Glaz1r" parent="Node/Bolvan/grudverx/rightarm" index="1"]
transform = Transform3D(0, 0, 0, 0, 0, 0, 0, 0, 0, 0, 0, 0)

[node name="Glaz2r" parent="Node/Bolvan/grudverx/rightarm" index="2"]
transform = Transform3D(0, 0, 0, 0, 0, 0, 0, 0, 0, 0, 0, 0)

[node name="RightArmTop" type="Marker3D" parent="Node/Bolvan/grudverx/rightarm" index="4"]

[node name="Torso" type="Marker3D" parent="Node/Bolvan/grudverx" index="10"]

[node name="effect" parent="Node/Bolvan" index="2"]
transform = Transform3D(0, 0, 0, 0, 0, 0, 0, 0, 0, -0.00214375, 1.31873, -0.00842187)

[node name="shiftef" parent="Node" index="1"]
transform = Transform3D(0, 0, 0, 0, 0, 0, 0, 0, 0, 0, 0.8375, 0.48125)

[node name="Node_Bolvan_grudverx_rightarm_verx#RightArmDown" type="Marker3D" parent="." index="2"]

[node name="Node_Bolvan_jopa_legright_goleni2#RightLegDown" type="Marker3D" parent="." index="3"]

[node name="Node_Bolvan_grudverx_leftarm_nizu#LeftArmDown" type="Marker3D" parent="." index="4"]

[node name="Node_Bolvan_jopa_Legleft_goleni#LeftLegDown" type="Marker3D" parent="." index="5"]

[node name="Node_Bolvan_grudverx_Golova2#Head" type="Marker3D" parent="." index="6"]

[node name="Node_Bolvan_jopa_Legleft#LeftLegTop" type="Marker3D" parent="." index="7"]

[node name="Node_Bolvan_jopa_legright#RightLegTop" type="Marker3D" parent="." index="8"]
